site,wildtype,mutant,Clesrovimab-IgG escape,Clesrovimab-Fab escape,cell entry,sequential_site,region
26,Q,A,0.03111,0.1565,-0.4125,1,region_I
26,Q,C,0.266,0.03663,-0.9769,1,region_I
26,Q,D,0.09235,0.1427,-0.4456,1,region_I
26,Q,E,-0.01802,-0.01628,-0.5342,1,region_I
26,Q,F,-0.07344,-0.1073,-0.9908,1,region_I
26,Q,G,-0.1748,-0.1496,-2.534,1,region_I
26,Q,H,-0.2704,-0.1121,-1.168,1,region_I
26,Q,I,0.2983,0.1375,0.2695,1,region_I
26,Q,K,-0.2304,0.08741,-1.994,1,region_I
26,Q,L,-0.08717,-0.2648,-0.4762,1,region_I
26,Q,M,-0.06006,0.3496,-0.07265,1,region_I
26,Q,N,-0.06555,-0.1984,-0.2625,1,region_I
26,Q,P,0.2306,-0.3338,-1.582,1,region_I
26,Q,Q,0,0,0,1,region_I
26,Q,R,-0.0271,0.1271,-1.833,1,region_I
26,Q,S,-0.3879,-0.2688,-1.467,1,region_I
26,Q,T,0.2895,-0.2683,-1.442,1,region_I
26,Q,V,0.08493,0.0779,-0.2573,1,region_I
26,Q,W,-0.101,-0.4913,-1.301,1,region_I
26,Q,Y,0.03655,0.03731,-0.5597,1,region_I
27,N,A,-0.0682,-1.177,-2.495,2,region_I
27,N,C,-0.7817,-0.9914,-3.188,2,region_I
27,N,D,-0.586,-0.6967,-1.987,2,region_I
27,N,E,-0.07607,-0.3531,-1.641,2,region_I
27,N,F,,,-2.771,2,region_I
27,N,G,0.02353,-0.2775,-1.45,2,region_I
27,N,H,-0.08208,-0.5774,-1.983,2,region_I
27,N,I,-0.07024,-0.3368,-1.488,2,region_I
27,N,K,0.6847,0.0597,-1.849,2,region_I
27,N,L,-0.05852,-1.022,-2.165,2,region_I
27,N,M,-0.1712,-0.4,-2.087,2,region_I
27,N,N,0,0,0,2,region_I
27,N,P,,,-1.708,2,region_I
27,N,Q,-0.04711,-0.7137,-1.869,2,region_I
27,N,R,0.05878,-0.05035,-2.506,2,region_I
27,N,S,-0.008229,-0.6277,-2.708,2,region_I
27,N,T,0.06634,-0.9187,-1.134,2,region_I
27,N,V,0.1124,-1.116,-1.694,2,region_I
27,N,W,-0.004088,-0.9855,-2.271,2,region_I
27,N,Y,-0.1166,,-2.419,2,region_I
28,I,A,,-0.8234,-3.144,3,region_I
28,I,C,-0.1192,0.2547,-3.329,3,region_I
28,I,D,0.03735,-0.4055,-3.255,3,region_I
28,I,E,,,-2.611,3,region_I
28,I,F,-0.04435,-0.09155,-0.1002,3,region_I
28,I,G,,,-3.192,3,region_I
28,I,H,-0.26,-0.809,-2.877,3,region_I
28,I,I,0,0,0,3,region_I
28,I,K,0.2615,-0.06241,-3.436,3,region_I
28,I,L,-0.008241,0.1048,0.3107,3,region_I
28,I,M,0.2006,0.2623,-0.2224,3,region_I
28,I,N,-0.02146,0.1915,-3.251,3,region_I
28,I,P,-0.1631,-0.07283,-2.655,3,region_I
28,I,Q,-0.1095,0.2452,-2.136,3,region_I
28,I,R,-0.1513,-0.7335,-3.2,3,region_I
28,I,S,-0.1851,0.1181,-3.255,3,region_I
28,I,T,0.1022,-0.04839,-1.656,3,region_I
28,I,V,0.1489,0.3897,-0.2704,3,region_I
28,I,W,-0.1205,0.1241,-1.11,3,region_I
28,I,Y,1.176,,-0.3934,3,region_I
29,T,A,-0.1687,-0.5395,-2.529,4,region_I
29,T,C,,,-3.189,4,region_I
29,T,D,0.1544,-0.1356,-2.05,4,region_I
29,T,E,-0.1491,-0.9314,-1.686,4,region_I
29,T,F,0.08454,-0.9581,-3.25,4,region_I
29,T,G,-0.2556,,-3.269,4,region_I
29,T,H,0.1523,,-3.043,4,region_I
29,T,I,-0.1373,-1.42,-2.735,4,region_I
29,T,K,0.3597,-0.4322,-2.897,4,region_I
29,T,L,-0.1744,-0.6796,-3.01,4,region_I
29,T,M,0.1821,-0.7972,-2.893,4,region_I
29,T,N,0.2502,-0.4793,-2.662,4,region_I
29,T,P,,-0.08002,-3.186,4,region_I
29,T,Q,-0.07388,0.03192,-1.962,4,region_I
29,T,R,0.0545,-0.2106,-1.218,4,region_I
29,T,S,0.05793,0.3349,-0.009765,4,region_I
29,T,T,0,0,0,4,region_I
29,T,V,-0.08739,-0.9299,-2.223,4,region_I
29,T,W,-0.1709,-0.8019,-3.12,4,region_I
29,T,Y,-0.02663,-0.9825,-2.856,4,region_I
30,E,A,-0.06596,-0.2548,-3.433,5,region_I
30,E,C,0.5011,-0.4785,-3.247,5,region_I
30,E,D,0.1346,-0.06498,-3.192,5,region_I
30,E,E,0,0,0,5,region_I
30,E,F,0.0246,-0.3846,-3.505,5,region_I
30,E,G,-0.5334,-0.07228,-3.349,5,region_I
30,E,H,-0.1003,-0.9366,-3.186,5,region_I
30,E,I,0.04763,-0.8804,-3.034,5,region_I
30,E,K,0.138,-0.3981,-3.418,5,region_I
30,E,L,,0.1795,-3.296,5,region_I
30,E,M,0.01199,-1.029,-3.058,5,region_I
30,E,N,-0.02106,,-3.115,5,region_I
30,E,P,-0.02822,0.04394,-3.171,5,region_I
30,E,Q,-0.06957,-0.5974,-3.276,5,region_I
30,E,R,0.06556,-0.05186,-3.13,5,region_I
30,E,S,0.0005792,-0.596,-3.383,5,region_I
30,E,T,0.01177,-0.6675,-3.361,5,region_I
30,E,V,0.4922,-0.437,-3.295,5,region_I
30,E,W,0.09304,-0.9193,-3.356,5,region_I
30,E,Y,-0.7659,,-3.153,5,region_I
31,E,A,-0.2923,-0.03339,-2.445,6,region_I
31,E,C,0.1938,0.3567,-1.238,6,region_I
31,E,D,0.06026,-0.06145,-0.09148,6,region_I
31,E,E,0,0,0,6,region_I
31,E,F,-0.0886,0.01837,-1.772,6,region_I
31,E,G,0.04326,-0.5683,-3.361,6,region_I
31,E,H,0.217,-0.2278,-1.593,6,region_I
31,E,I,,,-2.821,6,region_I
31,E,K,0.2397,0.005302,-1.413,6,region_I
31,E,L,0.0416,-0.4647,-2.291,6,region_I
31,E,M,,,-0.6774,6,region_I
31,E,N,,-1.053,-1.304,6,region_I
31,E,P,,,-3.125,6,region_I
31,E,Q,0.4144,-0.1935,-0.8763,6,region_I
31,E,R,0.6839,-0.3293,-1.549,6,region_I
31,E,S,0.1358,-0.3122,-1.039,6,region_I
31,E,T,0.4113,-0.08641,-0.9062,6,region_I
31,E,V,0.0173,0.06802,-1.168,6,region_I
31,E,W,0.09636,0.003832,-2.28,6,region_I
31,E,Y,-0.07211,-0.4013,-1.214,6,region_I
32,F,A,,-0.6536,-3.366,7,region_I
32,F,C,0.2291,-0.4808,-3.321,7,region_I
32,F,D,0.3628,-0.2646,-3.465,7,region_I
32,F,E,0.005201,-0.9215,-3.261,7,region_I
32,F,F,0,0,0,7,region_I
32,F,G,,,-3.385,7,region_I
32,F,H,,,-3.423,7,region_I
32,F,I,0.007645,-0.0564,-3.388,7,region_I
32,F,K,0.5941,-1.148,-3.351,7,region_I
32,F,L,0.01579,-0.03279,-3.316,7,region_I
32,F,M,0.01613,,-3.33,7,region_I
32,F,N,-0.0117,,-3.381,7,region_I
32,F,P,-0.2887,-0.6651,-3.394,7,region_I
32,F,Q,-0.1313,-1.294,-3.42,7,region_I
32,F,R,0.008535,,-3.386,7,region_I
32,F,S,0.2049,-0.4721,-3.027,7,region_I
32,F,T,-0.2452,-0.1152,-3.067,7,region_I
32,F,V,,,-3.468,7,region_I
32,F,W,-0.1756,,-3.112,7,region_I
32,F,Y,0.04041,-0.04502,-0.3369,7,region_I
33,Y,A,0.1304,-0.171,-1.777,8,region_I
33,Y,C,0.316,-0.0232,-3.175,8,region_I
33,Y,D,-0.01147,-0.3132,-2.249,8,region_I
33,Y,E,0.7324,0.1578,-2.841,8,region_I
33,Y,F,-0.05846,0.09804,0.2348,8,region_I
33,Y,G,,0.2495,-3.352,8,region_I
33,Y,H,-0.121,-0.007139,0.07185,8,region_I
33,Y,I,0.006878,,-0.3007,8,region_I
33,Y,K,-0.02855,-0.3201,-2.431,8,region_I
33,Y,L,,,-0.8539,8,region_I
33,Y,M,0.2179,0.4354,-0.0594,8,region_I
33,Y,N,-0.09537,0.3563,-0.9492,8,region_I
33,Y,P,-0.009356,-0.152,-3.354,8,region_I
33,Y,Q,0.01447,0.08742,-0.7248,8,region_I
33,Y,R,0.3021,-0.1842,-1.141,8,region_I
33,Y,S,0.01538,0.2898,-0.6539,8,region_I
33,Y,T,0.3493,0.1519,-2.227,8,region_I
33,Y,V,0.1635,-0.1493,-2.077,8,region_I
33,Y,W,-0.08534,-0.1305,-0.7432,8,region_I
33,Y,Y,0,0,0,8,region_I
34,Q,A,0.1836,0.08089,-0.4535,9,region_I
34,Q,C,-0.2417,-0.8514,-3.415,9,region_I
34,Q,D,-0.08469,-0.03301,-3.303,9,region_I
34,Q,E,0.08887,0.3701,-0.3748,9,region_I
34,Q,F,-0.3444,,-2.987,9,region_I
34,Q,G,0.2069,-0.02268,-1.855,9,region_I
34,Q,H,-0.1103,-0.4183,-1.595,9,region_I
34,Q,I,-0.1406,,-3.107,9,region_I
34,Q,K,-0.06947,-0.2698,-0.7915,9,region_I
34,Q,L,-0.004361,-0.2961,-2.196,9,region_I
34,Q,N,-0.243,,-3.105,9,region_I
34,Q,P,-0.09133,0.3514,-3.298,9,region_I
34,Q,Q,0,0,0,9,region_I
34,Q,R,0.02709,0.1212,-0.01879,9,region_I
34,Q,S,-0.1668,0.1091,-0.265,9,region_I
34,Q,T,0.4038,0.03723,-3.179,9,region_I
34,Q,V,0.1609,0.2296,-2.554,9,region_I
34,Q,W,-0.1341,0.1629,-3.291,9,region_I
34,Q,Y,0.1097,-0.6157,-1.61,9,region_I
35,S,A,0.01146,-0.1832,0.1372,10,region_I
35,S,C,-0.06529,-0.3207,-2.594,10,region_I
35,S,D,-0.03147,-0.03105,-0.4834,10,region_I
35,S,E,0.08686,0.4656,-0.8207,10,region_I
35,S,F,0.1319,-0.1311,-2.968,10,region_I
35,S,G,-0.208,0.08603,-1.099,10,region_I
35,S,H,-0.1168,0.2648,-2.79,10,region_I
35,S,I,-0.3594,-0.2962,-3.348,10,region_I
35,S,K,,,-2.728,10,region_I
35,S,L,-0.1157,-0.5965,-3.335,10,region_I
35,S,M,,,-2.3,10,region_I
35,S,N,-0.2931,,-1.445,10,region_I
35,S,P,-0.1199,0.05947,-1.112,10,region_I
35,S,Q,-0.03094,-0.2373,-0.9957,10,region_I
35,S,R,,,-0.9364,10,region_I
35,S,S,0,0,0,10,region_I
35,S,T,0.002366,-0.2613,-1.744,10,region_I
35,S,V,-0.1694,-0.1586,-2.946,10,region_I
35,S,W,-0.06758,0.3454,-3.264,10,region_I
35,S,Y,-0.07437,-0.245,-1.643,10,region_I
36,T,A,0.1281,0.01154,-3.292,11,region_I
36,T,C,,,-3.109,11,region_I
36,T,D,,,-3.286,11,region_I
36,T,E,,,-3.235,11,region_I
36,T,F,-0.1763,-0.1427,-3.34,11,region_I
36,T,G,0.7124,0.03209,-3.095,11,region_I
36,T,H,,,-3.399,11,region_I
36,T,I,-0.06772,-0.3545,-3.215,11,region_I
36,T,K,0.008999,-0.9373,-3.125,11,region_I
36,T,L,,,-3.243,11,region_I
36,T,M,-0.226,-0.162,-3.266,11,region_I
36,T,N,-0.3107,0.1819,-3.332,11,region_I
36,T,P,0.6297,-0.8989,-3.112,11,region_I
36,T,Q,,,-3.385,11,region_I
36,T,R,,-1.284,-3.117,11,region_I
36,T,S,-0.1469,-0.5682,-0.9046,11,region_I
36,T,T,0,0,0,11,region_I
36,T,V,-0.129,-0.4537,-2.756,11,region_I
36,T,W,-0.1341,-0.2968,-3.346,11,region_I
36,T,Y,-0.1962,-0.1095,-3.333,11,region_I
37,C,A,0.07686,-1.057,-3.417,12,region_I
37,C,C,0,0,0,12,region_I
37,C,D,-0.04613,-0.691,-3.232,12,region_I
37,C,E,,,-3.415,12,region_I
37,C,F,-0.1153,-0.7993,-3.382,12,region_I
37,C,G,0.07435,0.08935,-3.222,12,region_I
37,C,H,,,-2.686,12,region_I
37,C,I,,-0.5385,-3.335,12,region_I
37,C,K,0.4833,-0.1182,-3.272,12,region_I
37,C,L,-0.03628,,-3.264,12,region_I
37,C,M,,,-3.22,12,region_I
37,C,N,-0.3771,-0.6036,-3.302,12,region_I
37,C,P,0.0456,0.2746,-3.192,12,region_I
37,C,R,-0.2388,-0.8817,-3.367,12,region_I
37,C,S,0.1533,0.2071,-3.323,12,region_I
37,C,T,-0.08918,-0.2945,-3.232,12,region_I
37,C,V,-0.1425,-0.4458,-3.303,12,region_I
37,C,W,-0.2077,0.1815,-3.444,12,region_I
37,C,Y,-0.4414,-0.8304,-3.354,12,region_I
38,S,A,0.3474,-0.1504,-0.9226,13,region_I
38,S,C,,,-3.215,13,region_I
38,S,D,-0.1774,,-2.014,13,region_I
38,S,F,,,-3.194,13,region_I
38,S,G,0.03167,-1.08,-3.414,13,region_I
38,S,H,0.2881,-0.61,-3.317,13,region_I
38,S,I,0.01291,-1.212,-3.425,13,region_I
38,S,K,,-0.04089,-3.256,13,region_I
38,S,L,,0.2427,-3.181,13,region_I
38,S,M,-0.004804,,-3.149,13,region_I
38,S,N,-0.2582,-0.7926,-3.391,13,region_I
38,S,P,-0.2839,-0.7986,-3.151,13,region_I
38,S,Q,0.03202,-0.7246,-3.046,13,region_I
38,S,R,-0.2084,-0.7447,-3.386,13,region_I
38,S,S,0,0,0,13,region_I
38,S,T,-0.07789,-0.2396,-3.316,13,region_I
38,S,V,0.5038,-0.2123,-3.442,13,region_I
38,S,W,,,-2.984,13,region_I
38,S,Y,0.2152,0.3699,-3.439,13,region_I
39,A,A,0,0,0,14,region_I
39,A,C,0.05041,0.1793,-0.6105,14,region_I
39,A,D,-0.01697,0.4858,-3.3,14,region_I
39,A,E,-0.1759,-0.5085,-3.353,14,region_I
39,A,F,0.09793,0.1561,-3.374,14,region_I
39,A,G,0.1647,-0.3627,-1.679,14,region_I
39,A,H,,,-3.199,14,region_I
39,A,I,-0.4348,-0.7075,-3.293,14,region_I
39,A,K,-0.07592,-0.2455,-3.114,14,region_I
39,A,L,-0.09392,-0.1028,-3.37,14,region_I
39,A,M,,-1.029,-1.749,14,region_I
39,A,N,0.1045,-0.4325,-3.369,14,region_I
39,A,P,,,-3.373,14,region_I
39,A,Q,,,-1.878,14,region_I
39,A,R,-0.02673,-0.3928,-3.172,14,region_I
39,A,S,-0.1181,0.05143,-0.4296,14,region_I
39,A,T,0.1357,0.2196,-1.776,14,region_I
39,A,V,0.1978,-0.06501,-0.8911,14,region_I
39,A,W,0.1907,-0.8678,-3.443,14,region_I
39,A,Y,0.1318,-0.843,-2.825,14,region_I
40,V,A,0.01943,-0.1908,-0.992,15,region_I
40,V,C,-0.1437,-0.2084,-3.4,15,region_I
40,V,D,-0.04206,-0.1593,-3.133,15,region_I
40,V,E,-1.164,,-3.392,15,region_I
40,V,F,0.3458,,-3.346,15,region_I
40,V,G,,,-3.151,15,region_I
40,V,H,-0.04657,-0.6987,-3.402,15,region_I
40,V,I,0.09822,-0.1942,-0.4446,15,region_I
40,V,K,-0.1152,0.2868,-3.181,15,region_I
40,V,L,-0.07803,0.09742,-1.085,15,region_I
40,V,M,0.05795,0.05522,-0.3672,15,region_I
40,V,N,0.006003,-0.7171,-3.43,15,region_I
40,V,P,0.3085,,-3.37,15,region_I
40,V,Q,-0.1476,-0.06643,-2.378,15,region_I
40,V,R,0.1864,-0.2655,-2.795,15,region_I
40,V,S,,,-3.189,15,region_I
40,V,T,-0.2099,-0.1352,-0.8283,15,region_I
40,V,V,0,0,0,15,region_I
40,V,W,0.3639,-1.291,-3.447,15,region_I
40,V,Y,,,-2.793,15,region_I
41,S,A,-0.1146,-0.04703,-0.6541,16,region_I
41,S,C,0.02936,-0.5238,-3.185,16,region_I
41,S,D,0.3603,-0.5542,-3.405,16,region_I
41,S,E,-0.4605,-0.8514,-3.265,16,region_I
41,S,F,-0.2687,-1.712,-3.467,16,region_I
41,S,G,-0.01182,0.05971,-3.41,16,region_I
41,S,H,0.1299,,-3.375,16,region_I
41,S,I,0.2415,0.1025,-3.114,16,region_I
41,S,K,-0.005592,-0.7792,-3.374,16,region_I
41,S,L,-0.4728,-0.02138,-3.298,16,region_I
41,S,M,-0.5401,-0.1111,-3.327,16,region_I
41,S,N,-0.2209,-0.4654,-3.285,16,region_I
41,S,P,-0.4017,0.5953,-2.889,16,region_I
41,S,Q,,-0.1033,-3.203,16,region_I
41,S,R,-0.001273,-0.1771,-3.356,16,region_I
41,S,S,0,0,0,16,region_I
41,S,T,-0.1552,-0.109,-0.8505,16,region_I
41,S,V,0.04435,-0.4662,-2.66,16,region_I
41,S,W,0.1914,0.2727,-3.196,16,region_I
41,S,Y,,,-3.122,16,region_I
42,K,A,0.09214,0.5627,-0.2208,17,region_I
42,K,C,0.3217,0.272,-3.025,17,region_I
42,K,D,-0.1355,,-3.426,17,region_I
42,K,E,0.05629,0.3591,-0.1454,17,region_I
42,K,F,-0.0737,0.1626,0.2241,17,region_I
42,K,G,,-0.05645,-0.6501,17,region_I
42,K,H,0.1773,0.1029,-0.2338,17,region_I
42,K,I,-0.1094,0.2218,-0.03565,17,region_I
42,K,K,0,0,0,17,region_I
42,K,L,0.1496,-0.1683,-0.4445,17,region_I
42,K,M,-0.04641,-0.08008,-0.3635,17,region_I
42,K,N,-0.6043,-0.04423,-0.08781,17,region_I
42,K,P,,-0.7728,-3.238,17,region_I
42,K,Q,-0.0294,-0.1762,0.3885,17,region_I
42,K,R,-0.1439,-0.1403,0.4323,17,region_I
42,K,S,0.02374,0.3208,0.6824,17,region_I
42,K,T,0.1094,0.4378,0.2302,17,region_I
42,K,V,-0.04677,0.2852,-0.3979,17,region_I
42,K,W,-0.1476,-0.03731,-1.542,17,region_I
42,K,Y,-0.08084,0.4987,0.361,17,region_I
43,G,A,0.4776,-0.574,-3.39,18,region_I
43,G,C,-0.235,-0.5105,-3.388,18,region_I
43,G,D,-0.04723,-0.2603,-3.372,18,region_I
43,G,E,-0.1874,-0.8092,-3.494,18,region_I
43,G,F,0.005974,-0.5702,-3.118,18,region_I
43,G,G,0,0,0,18,region_I
43,G,H,,,-3.404,18,region_I
43,G,I,,,-3.311,18,region_I
43,G,K,0.02331,-0.6744,-3.032,18,region_I
43,G,L,,,-3.33,18,region_I
43,G,M,0.6355,0.5666,-3.295,18,region_I
43,G,N,-0.03462,0.3421,-0.6257,18,region_I
43,G,P,,,-3.359,18,region_I
43,G,Q,0.07671,-0.7487,-3.334,18,region_I
43,G,R,0.546,-0.1629,-3.195,18,region_I
43,G,S,0.1477,0.06679,-3.346,18,region_I
43,G,T,,,-3.124,18,region_I
43,G,V,0.4211,-0.3177,-3.301,18,region_I
43,G,W,-0.3349,,-3.319,18,region_I
43,G,Y,-0.01181,-0.06569,-3.418,18,region_I
44,Y,A,0.3854,-0.1437,-3.344,19,region_I
44,Y,C,-0.04097,-0.2581,-3.211,19,region_I
44,Y,D,,-0.6161,-3.341,19,region_I
44,Y,E,,-0.386,-3.134,19,region_I
44,Y,F,-0.1403,-0.1405,-1.041,19,region_I
44,Y,G,,,-3.439,19,region_I
44,Y,H,0.3268,-0.2735,-3.324,19,region_I
44,Y,I,-0.04647,-0.4747,-3.382,19,region_I
44,Y,K,0.7458,-0.02752,-3.274,19,region_I
44,Y,L,0.2313,,-3.406,19,region_I
44,Y,M,-0.0285,-0.7418,-3.452,19,region_I
44,Y,N,,-0.6425,-3.393,19,region_I
44,Y,P,0.6186,0.09704,-3.261,19,region_I
44,Y,Q,0.293,-0.3438,-3.282,19,region_I
44,Y,R,,,-3.48,19,region_I
44,Y,S,0.09513,,-3.097,19,region_I
44,Y,T,-0.2057,-0.9708,-3.38,19,region_I
44,Y,V,0.3717,-0.1526,-3.252,19,region_I
44,Y,W,0.2264,0.06833,-1.335,19,region_I
44,Y,Y,0,0,0,19,region_I
45,L,A,-0.07543,0.5527,-0.3384,20,region_I
45,L,C,-0.04087,0.1264,-1.419,20,region_I
45,L,D,-0.08809,0.1749,-0.2717,20,region_I
45,L,E,-0.1985,-0.04879,0.1451,20,region_I
45,L,F,0.09712,0.09769,0.453,20,region_I
45,L,G,,-0.6101,-2.979,20,region_I
45,L,H,0.2437,-0.1691,-1.437,20,region_I
45,L,I,0.2545,0.05358,-0.5026,20,region_I
45,L,K,0.1153,-0.4919,-2.413,20,region_I
45,L,L,0,0,0,20,region_I
45,L,M,0.1757,-0.08628,-0.6528,20,region_I
45,L,N,0.05027,0.1223,-0.2976,20,region_I
45,L,P,-0.5464,-0.8778,-3.097,20,region_I
45,L,Q,-0.03713,-0.3198,-0.3781,20,region_I
45,L,R,0.6041,0.03738,-3.111,20,region_I
45,L,S,0.3018,0.1156,-0.2877,20,region_I
45,L,T,0.06707,-0.182,-0.6816,20,region_I
45,L,V,0.3408,0.1628,-0.2418,20,region_I
45,L,W,-0.1139,0.1491,0.2853,20,region_I
45,L,Y,0.007125,0.4209,-0.1304,20,region_I
46,S,A,0.1077,0.3224,-2.736,21,region_III
46,S,C,-0.1942,-1.025,-3.502,21,region_III
46,S,D,-0.04405,-1.136,-3.484,21,region_III
46,S,E,0.005425,-0.3994,-3.441,21,region_III
46,S,F,0.7148,-0.4919,-3.231,21,region_III
46,S,G,0.1029,0.01615,-3.396,21,region_III
46,S,H,,-0.5489,-3.093,21,region_III
46,S,I,0.05103,-0.9322,-3.357,21,region_III
46,S,K,-0.01421,-1.656,-3.192,21,region_III
46,S,L,-0.2359,-0.3523,-3.521,21,region_III
46,S,M,-0.2517,0.1043,-3.257,21,region_III
46,S,N,-0.003323,0.02799,-3.14,21,region_III
46,S,P,,,-3.317,21,region_III
46,S,Q,0.2907,-0.1556,-2.916,21,region_III
46,S,R,0.4151,-0.5017,-3.12,21,region_III
46,S,S,0,0,0,21,region_III
46,S,T,,-0.4811,-3.24,21,region_III
46,S,V,,,-3.243,21,region_III
46,S,W,-0.1995,,-3.413,21,region_III
46,S,Y,-0.1557,-0.004341,-3.095,21,region_III
47,A,A,0,0,0,22,region_III
47,A,C,0.2166,0.1922,-1.279,22,region_III
47,A,D,0.1029,0.09052,-3.346,22,region_III
47,A,E,-0.4172,0.1971,-3.404,22,region_III
47,A,F,-0.03967,-0.8544,-3.441,22,region_III
47,A,G,0.2986,-0.04034,-1.118,22,region_III
47,A,H,-0.4193,0.1833,-3.343,22,region_III
47,A,I,-0.5992,-0.977,-3.43,22,region_III
47,A,K,-0.01953,,-2.851,22,region_III
47,A,L,0.2048,-0.1404,-3.298,22,region_III
47,A,M,1.678,,-2.975,22,region_III
47,A,N,-0.149,,-2.425,22,region_III
47,A,Q,-0.1153,-0.01572,-3.29,22,region_III
47,A,R,,,-2.947,22,region_III
47,A,S,0.6879,0.1682,-1.497,22,region_III
47,A,T,-0.1236,-0.01516,-3.493,22,region_III
47,A,V,-0.1503,-0.1322,-0.4736,22,region_III
47,A,W,-0.1085,-0.5817,-3.358,22,region_III
47,A,Y,-0.06548,-0.774,-3.27,22,region_III
48,L,A,,0.1906,-3.45,23,region_III
48,L,C,-0.1536,-0.8613,-3.388,23,region_III
48,L,D,,-0.2767,-3.383,23,region_III
48,L,E,-0.1842,0.2159,-3.42,23,region_III
48,L,F,0.3562,,-3.206,23,region_III
48,L,G,-0.3441,-0.3293,-3.291,23,region_III
48,L,H,,,-3.36,23,region_III
48,L,I,0.3758,0.07978,-2.579,23,region_III
48,L,K,-0.05096,-0.04775,-3.256,23,region_III
48,L,L,0,0,0,23,region_III
48,L,M,0.02243,0.2021,-1.232,23,region_III
48,L,N,0.4249,0.5422,-3.418,23,region_III
48,L,P,-0.03781,-0.0426,-3.413,23,region_III
48,L,Q,0.6059,-0.3056,-3.173,23,region_III
48,L,R,-0.2006,-0.2526,-2.909,23,region_III
48,L,S,,,-3.436,23,region_III
48,L,T,,,-3.409,23,region_III
48,L,V,-0.01794,,-3.46,23,region_III
48,L,W,0.7904,-0.4347,-3.243,23,region_III
48,L,Y,,,-3.404,23,region_III
49,R,A,0.21,0.04682,-1.204,24,region_III
49,R,C,0.2755,-0.1436,-1.708,24,region_III
49,R,D,-0.435,,-3.312,24,region_III
49,R,E,0.01923,-0.8677,-3.361,24,region_III
49,R,F,,-0.2949,-3.255,24,region_III
49,R,G,0.165,0.4227,-1.238,24,region_III
49,R,H,-0.02996,0.6061,-2.075,24,region_III
49,R,I,0.9847,0.6993,-2.772,24,region_III
49,R,K,-0.2807,0.2506,-1.51,24,region_III
49,R,L,-0.06695,0.4506,-1.216,24,region_III
49,R,M,-0.255,0.0301,-1.615,24,region_III
49,R,N,0.5942,0.328,-2.813,24,region_III
49,R,P,-0.2395,-0.7451,-3.465,24,region_III
49,R,Q,0.08172,-0.1447,-2.441,24,region_III
49,R,R,0,0,0,24,region_III
49,R,S,0.1984,0.3665,-2.266,24,region_III
49,R,T,-0.04602,-0.06223,-3.259,24,region_III
49,R,V,0.3814,0.133,-1.105,24,region_III
49,R,W,-0.2471,0.01551,-3.421,24,region_III
49,R,Y,-0.1005,0.1458,-3.369,24,region_III
50,T,A,,,-3.353,25,region_III
50,T,C,-0.1657,-0.8525,-3.427,25,region_III
50,T,D,0.456,-0.6131,-3.506,25,region_III
50,T,E,-0.8077,,-3.495,25,region_III
50,T,F,-0.1185,0.06202,-3.292,25,region_III
50,T,G,-0.02172,,-3.398,25,region_III
50,T,H,-0.04487,,-3.383,25,region_III
50,T,I,0.1767,0.2527,-3.337,25,region_III
50,T,K,0.2491,-1.023,-3.406,25,region_III
50,T,L,0.583,0.2579,-3.436,25,region_III
50,T,M,,-0.01699,-3.215,25,region_III
50,T,N,0.5236,0.06954,-2.679,25,region_III
50,T,P,0.00486,-0.1853,-3.239,25,region_III
50,T,Q,,,-3.42,25,region_III
50,T,R,0.02894,0.1608,-3.374,25,region_III
50,T,S,-0.1011,-0.4454,-2.283,25,region_III
50,T,T,0,0,0,25,region_III
50,T,V,-0.01412,-0.7012,-2.544,25,region_III
50,T,W,0.3796,-0.583,-2.394,25,region_III
50,T,Y,-0.6117,,-3.463,25,region_III
51,G,C,-0.3088,0.5454,-3.437,26,region_III
51,G,D,-0.3289,-0.4999,-3.491,26,region_III
51,G,E,0.03624,-1.318,-3.487,26,region_III
51,G,F,0.05587,-0.8622,-3.448,26,region_III
51,G,G,0,0,0,26,region_III
51,G,H,,-0.5562,-3.277,26,region_III
51,G,I,0.09988,-0.3449,-3.4,26,region_III
51,G,K,,,-3.162,26,region_III
51,G,M,,-0.3405,-2.748,26,region_III
51,G,N,-0.2359,,-3.287,26,region_III
51,G,P,0.03404,,-3.212,26,region_III
51,G,Q,-0.3401,,-3.125,26,region_III
51,G,R,-0.2623,,-3.405,26,region_III
51,G,S,-0.1527,0.08572,-2.282,26,region_III
51,G,T,-0.1878,,-3.143,26,region_III
51,G,V,0.1646,-0.3443,-3.421,26,region_III
51,G,W,-0.1405,0.07393,-3.265,26,region_III
51,G,Y,-0.2623,-1.128,-2.609,26,region_III
52,W,A,0.06165,,-3.037,27,region_III
52,W,C,-0.0225,0.09196,-3.34,27,region_III
52,W,D,0.02085,0.1483,-3.23,27,region_III
52,W,E,0.2504,-0.06551,-3.255,27,region_III
52,W,F,-0.2391,0.266,-2.561,27,region_III
52,W,G,,,-3.25,27,region_III
52,W,H,,,-3.117,27,region_III
52,W,I,,,-3.22,27,region_III
52,W,K,,,-3.261,27,region_III
52,W,L,-0.2353,-0.6445,-3.473,27,region_III
52,W,M,,-0.2496,-3.349,27,region_III
52,W,N,,0.07134,-3.401,27,region_III
52,W,P,-0.04414,-0.05232,-3.226,27,region_III
52,W,Q,-0.02107,-0.8972,-3.295,27,region_III
52,W,R,0.3753,-0.2017,-3.232,27,region_III
52,W,S,-0.04965,-1.06,-3.434,27,region_III
52,W,T,,,-3.265,27,region_III
52,W,V,0.31,,-3.16,27,region_III
52,W,W,0,0,0,27,region_III
52,W,Y,-0.2078,-0.7331,-1.52,27,region_III
53,Y,A,-0.07651,-0.4171,-2.339,28,region_III
53,Y,C,0.4672,0.06012,-2.103,28,region_III
53,Y,D,,,-3.412,28,region_III
53,Y,F,0.2902,0.4664,1.025,28,region_III
53,Y,G,0.232,-0.3198,-2.715,28,region_III
53,Y,H,0.00799,-0.2414,0.1431,28,region_III
53,Y,I,1.232,0.004047,-3.32,28,region_III
53,Y,K,0.1515,,-3.341,28,region_III
53,Y,L,,,-3.483,28,region_III
53,Y,M,0.2862,0.2926,0.4062,28,region_III
53,Y,N,-0.6121,-0.4032,-3.402,28,region_III
53,Y,P,0.02083,-0.4116,-3.228,28,region_III
53,Y,Q,0.2629,0.02914,-0.5838,28,region_III
53,Y,R,,,-2.692,28,region_III
53,Y,S,-0.08699,-0.535,-0.5382,28,region_III
53,Y,T,0.2824,0.003193,-1.088,28,region_III
53,Y,V,0.4221,0.2746,-1.868,28,region_III
53,Y,Y,0,0,0,28,region_III
54,T,A,0.3285,-0.1044,-2.666,29,region_III
54,T,C,0.5483,,-3.167,29,region_III
54,T,D,,,-2.903,29,region_III
54,T,E,0.2412,0.4663,-1.454,29,region_III
54,T,F,0.05095,-0.3971,-3.4,29,region_III
54,T,G,-0.4137,-0.4255,-3.439,29,region_III
54,T,H,,,-3.084,29,region_III
54,T,I,0.6343,0.351,-1.327,29,region_III
54,T,K,0.04821,-0.5671,-2.996,29,region_III
54,T,L,0.1267,-0.05973,-1.087,29,region_III
54,T,M,0.4449,-0.03759,-2.129,29,region_III
54,T,N,0.01216,-0.9502,-2.979,29,region_III
54,T,P,,,-3.34,29,region_III
54,T,Q,1.009,0.1393,-1.902,29,region_III
54,T,R,,,-3.002,29,region_III
54,T,S,0.2134,0.9081,-2.846,29,region_III
54,T,T,0,0,0,29,region_III
54,T,V,0.2429,-0.1011,-0.2069,29,region_III
54,T,W,0.02661,-0.7679,-3.287,29,region_III
54,T,Y,0.1054,-0.4056,-3.486,29,region_III
55,S,A,-0.009294,0.09947,0.1048,30,region_V
55,S,C,0.2108,0.4494,-0.4045,30,region_V
55,S,E,-0.05781,-0.2793,-2.667,30,region_V
55,S,F,-0.09374,0.04823,-0.6574,30,region_V
55,S,G,-0.03541,-0.2031,-0.1735,30,region_V
55,S,H,-0.04178,-0.5003,-2.854,30,region_V
55,S,I,0.6061,-1.016,-3.302,30,region_V
55,S,K,-0.2752,-0.14,-3.19,30,region_V
55,S,L,-0.2474,,-3.47,30,region_V
55,S,M,-0.02023,-0.7437,-3.284,30,region_V
55,S,N,-0.3153,-0.2892,-0.952,30,region_V
55,S,P,0.09165,-0.2744,-0.7792,30,region_V
55,S,Q,0.2907,-0.4909,-3.202,30,region_V
55,S,R,0.04108,0.1396,-3.109,30,region_V
55,S,S,0,0,0,30,region_V
55,S,T,0.2725,0.3609,0.039,30,region_V
55,S,V,0.5956,0.7927,-1.494,30,region_V
55,S,W,0.01941,,-3.277,30,region_V
55,S,Y,-0.02469,0.05756,-1.71,30,region_V
56,V,A,0.1246,-0.6376,-3.214,31,region_V
56,V,C,-0.01935,-0.5461,-3.038,31,region_V
56,V,D,0.1982,-0.008723,-3.103,31,region_V
56,V,E,0.2155,-0.1144,-3.015,31,region_V
56,V,F,-0.05784,-0.9434,-2.821,31,region_V
56,V,G,-0.6625,0.009347,-2.977,31,region_V
56,V,H,,,-3.306,31,region_V
56,V,I,-0.1409,0.05928,-0.1145,31,region_V
56,V,K,-0.1137,0.00733,-2.965,31,region_V
56,V,L,-0.3427,-0.2947,-1.995,31,region_V
56,V,M,0.08938,-0.4117,-3.045,31,region_V
56,V,N,0.5462,0.08198,-3.107,31,region_V
56,V,P,0.1807,0.1753,-3.063,31,region_V
56,V,Q,,,-3.08,31,region_V
56,V,R,-0.9791,-0.582,-3.105,31,region_V
56,V,S,-0.3372,-0.8412,-2.982,31,region_V
56,V,T,-0.1959,-0.2271,-2.851,31,region_V
56,V,V,0,0,0,31,region_V
56,V,W,-0.1067,-0.03192,-3.096,31,region_V
56,V,Y,-0.03923,-0.1438,-2.759,31,region_V
57,I,A,-0.015,0.1895,-0.06772,32,region_V
57,I,C,-0.05026,-0.1121,-1.482,32,region_V
57,I,D,1.027,-0.9261,-3.319,32,region_V
57,I,E,-0.5582,,-3.376,32,region_V
57,I,F,-0.09715,-0.6199,-2.967,32,region_V
57,I,G,-0.02088,-0.5502,-3.36,32,region_V
57,I,H,-0.02426,-0.6163,-2.317,32,region_V
57,I,I,0,0,0,32,region_V
57,I,K,-0.3108,-0.7396,-2.949,32,region_V
57,I,L,0.0005454,-0.05685,-0.4601,32,region_V
57,I,M,-0.06488,-0.6329,-1.587,32,region_V
57,I,N,0.04101,0.003242,-2.292,32,region_V
57,I,P,0.04277,,-3.331,32,region_V
57,I,Q,-0.4118,-0.7872,-2.349,32,region_V
57,I,R,-0.0003452,-0.02315,-2.787,32,region_V
57,I,S,0.1257,-0.6564,-2.065,32,region_V
57,I,T,-0.1034,-0.3076,-1.688,32,region_V
57,I,V,-0.1846,0.02562,0.2312,32,region_V
57,I,W,-0.01241,-0.8489,-3.32,32,region_V
58,T,A,-0.345,0.02919,-0.5692,33,region_V
58,T,C,0.4089,0.3004,-0.131,33,region_V
58,T,D,0.09842,0.5395,-2.831,33,region_V
58,T,E,-0.1296,-0.7428,-1.652,33,region_V
58,T,F,0.4535,-0.4112,-2.103,33,region_V
58,T,G,-0.06083,0.05315,-1.967,33,region_V
58,T,H,0.0189,-0.5272,-3.08,33,region_V
58,T,I,0.0866,-0.2343,-2.755,33,region_V
58,T,K,-0.1298,-0.5764,-2.526,33,region_V
58,T,L,-0.0616,0.09658,-2.516,33,region_V
58,T,M,0.06846,0.05139,-0.2548,33,region_V
58,T,N,0.228,-0.4948,-2.28,33,region_V
58,T,P,-0.2046,-0.5729,-2.957,33,region_V
58,T,Q,0.1654,0.09321,-1.284,33,region_V
58,T,R,0.3513,0.9272,-2.42,33,region_V
58,T,S,-0.08346,-0.2131,-1.288,33,region_V
58,T,T,0,0,0,33,region_V
58,T,V,0.2011,0.1864,-1.415,33,region_V
58,T,W,-0.09143,-0.1661,-3.071,33,region_V
58,T,Y,-0.3238,-1.003,-1.668,33,region_V
59,I,A,0.0279,-0.05132,-0.2652,34,region_V
59,I,C,-0.02969,-0.8381,-2.602,34,region_V
59,I,D,,,-3.025,34,region_V
59,I,E,0.09433,-0.1455,-2.748,34,region_V
59,I,F,0.4925,0.1873,0.2839,34,region_V
59,I,G,0.1046,0.09385,-1.62,34,region_V
59,I,H,-0.2312,-0.007,-2.49,34,region_V
59,I,I,0,0,0,34,region_V
59,I,K,0.4038,0.5623,-3.317,34,region_V
59,I,L,0.2144,-0.6846,-1.632,34,region_V
59,I,M,-0.06188,-0.1467,-0.1173,34,region_V
59,I,N,-0.1639,-0.9128,-3.189,34,region_V
59,I,P,-0.07195,-1.016,-3.118,34,region_V
59,I,Q,-0.3571,-0.2755,-2.711,34,region_V
59,I,R,-0.04912,-0.3745,-3.088,34,region_V
59,I,S,,-0.1299,-2.923,34,region_V
59,I,T,-0.1216,,-3.035,34,region_V
59,I,V,0.2221,-0.06434,-0.05431,34,region_V
59,I,W,0.3408,-0.05633,-3.042,34,region_V
59,I,Y,-0.08115,0.2602,-0.1015,34,region_V
60,E,A,0.0183,0.07687,-0.008408,35,region_V
60,E,C,-0.4867,-0.4182,-1.389,35,region_V
60,E,D,0.1609,0.1531,0.4388,35,region_V
60,E,E,0,0,0,35,region_V
60,E,F,-0.197,-0.05671,-3.071,35,region_V
60,E,G,0.01388,-0.3321,0.6274,35,region_V
60,E,H,-0.1705,0.05788,0.03628,35,region_V
60,E,I,-0.1336,1.092,-1.517,35,region_V
60,E,K,0.01576,-0.002638,-1.155,35,region_V
60,E,L,-0.1139,,-3.256,35,region_V
60,E,M,0.1071,-0.037,-1.96,35,region_V
60,E,N,-0.1827,-0.3137,-0.9136,35,region_V
60,E,P,-0.1265,0.01279,-0.1251,35,region_V
60,E,Q,-0.3007,0.001524,-0.1201,35,region_V
60,E,R,0.1489,0.02576,-2.168,35,region_V
60,E,S,-0.04059,-0.1168,-0.06141,35,region_V
60,E,T,0.1332,-0.1007,-1.309,35,region_V
60,E,V,0.05637,0.2574,-0.8279,35,region_V
60,E,W,-0.0787,-0.06238,-1.883,35,region_V
60,E,Y,-0.08568,-0.1151,-0.7375,35,region_V
61,L,A,-0.1273,0.27,-3.277,36,region_V
61,L,C,0.5224,0.3669,-3.041,36,region_V
61,L,D,0.1966,0.4029,-2.735,36,region_V
61,L,E,-0.1798,-0.9395,-3.112,36,region_V
61,L,F,0.05864,-0.0679,-0.0496,36,region_V
61,L,G,-0.9525,-1.02,-2.191,36,region_V
61,L,H,,-1.253,-3.21,36,region_V
61,L,I,,,-0.0972,36,region_V
61,L,K,-0.4978,,-2.59,36,region_V
61,L,L,0,0,0,36,region_V
61,L,M,-0.1583,0.1859,-0.5737,36,region_V
61,L,N,0.4389,-0.4367,-2.572,36,region_V
61,L,P,-0.02067,-0.08853,-2.764,36,region_V
61,L,Q,-0.1696,0.4545,-2.569,36,region_V
61,L,R,0.1868,0.6497,-2.341,36,region_V
61,L,S,0.1541,-0.006256,-3.075,36,region_V
61,L,T,-0.1577,0.05707,-2.796,36,region_V
61,L,V,-0.211,0.05908,0.4739,36,region_V
61,L,W,-0.0151,-0.2009,-0.8525,36,region_V
61,L,Y,0.02953,0.2718,0.6357,36,region_V
62,S,A,0.06934,-0.1178,-0.3812,37,region_V
62,S,C,0.03361,0.07049,-2.054,37,region_V
62,S,D,0.03298,-1.134,-3.272,37,region_V
62,S,E,0.5355,-0.5913,-3.447,37,region_V
62,S,F,0.006391,-0.7725,-3.354,37,region_V
62,S,G,-0.2602,-0.2956,-1.264,37,region_V
62,S,H,-0.4015,-1.999,-2.57,37,region_V
62,S,I,-0.01602,-0.1916,-3.271,37,region_V
62,S,K,-0.173,-0.3839,-1.242,37,region_V
62,S,L,0.1356,-1.164,-3.404,37,region_V
62,S,M,0.1626,-1.282,-2.447,37,region_V
62,S,N,-0.1874,-0.513,-3.127,37,region_V
62,S,P,-0.001099,0.04454,-2.46,37,region_V
62,S,Q,-0.01878,,-3.176,37,region_V
62,S,R,-0.1046,-0.2075,-0.0434,37,region_V
62,S,S,0,0,0,37,region_V
62,S,T,0.02108,-0.1383,0.0457,37,region_V
62,S,V,0.05206,-0.8238,-2.422,37,region_V
62,S,W,0.06796,-0.5074,-3.362,37,region_V
62,S,Y,-0.1599,-0.1739,-1.926,37,region_V
63,N,A,0.1494,0.1063,0.1643,38,region_0
63,N,C,-0.3864,-0.4249,-0.7694,38,region_0
63,N,D,0.005583,0.1674,0.6661,38,region_0
63,N,E,-0.008204,0.2035,0.9703,38,region_0
63,N,F,0.1667,0.3804,1.08,38,region_0
63,N,G,-0.1867,-0.3931,-0.7974,38,region_0
63,N,H,-0.1411,-0.03743,-0.712,38,region_0
63,N,I,-0.04604,0.1253,1.052,38,region_0
63,N,K,0.332,-0.2583,-0.9748,38,region_0
63,N,L,-0.9015,-0.09147,-0.1652,38,region_0
63,N,M,0.05414,0.02427,0.2916,38,region_0
63,N,N,0,0,0,38,region_0
63,N,P,0.2784,-1.126,-2.143,38,region_0
63,N,Q,-0.2421,-0.6619,-0.7883,38,region_0
63,N,R,0.0527,-0.03436,-1.59,38,region_0
63,N,S,0.07251,0.259,0.1951,38,region_0
63,N,T,0.07771,0.07174,-0.7311,38,region_0
63,N,V,0.05678,0.1025,-0.0003,38,region_0
63,N,W,-0.2749,-0.5928,-1.394,38,region_0
63,N,Y,-0.08445,-0.468,0.2924,38,region_0
64,I,A,-0.04614,-0.2258,-0.7158,39,region_0
64,I,C,-0.116,-0.1286,-2.523,39,region_0
64,I,D,0.01594,0.2074,-2.9,39,region_0
64,I,E,-0.1176,-0.7519,-2.227,39,region_0
64,I,F,0.4252,0.02609,-0.1863,39,region_0
64,I,G,-0.4878,-0.8775,-2.429,39,region_0
64,I,H,0.1666,-0.1542,-1.133,39,region_0
64,I,I,0,0,0,39,region_0
64,I,K,0.4591,-0.7791,-2.42,39,region_0
64,I,L,-0.04235,0.0484,0.007455,39,region_0
64,I,M,-0.4172,-0.004876,-1.158,39,region_0
64,I,N,-0.2366,-0.6353,-2.194,39,region_0
64,I,P,0.3201,-0.1692,-1.767,39,region_0
64,I,Q,-0.3073,-0.1046,-1.13,39,region_0
64,I,R,-0.08301,-0.4685,-2.645,39,region_0
64,I,S,-0.06186,-0.1163,-1.999,39,region_0
64,I,T,-0.1873,0.1129,-0.6856,39,region_0
64,I,V,0.09524,0.3449,-0.000135,39,region_0
64,I,W,-0.02562,0.01313,-0.8323,39,region_0
64,I,Y,0.09396,0.3664,-0.602,39,region_0
65,K,A,-0.4795,0.008375,-0.1434,40,region_0
65,K,C,-0.1683,-0.3954,-1.558,40,region_0
65,K,D,-0.342,-0.2214,0.3558,40,region_0
65,K,E,-0.1602,0.001462,0.9254,40,region_0
65,K,F,-0.01442,-0.3525,0.2777,40,region_0
65,K,G,-0.1219,0.08815,0.7105,40,region_0
65,K,H,-0.1763,-0.2646,0.08004,40,region_0
65,K,I,-0.02308,-0.02391,0.2358,40,region_0
65,K,K,0,0,0,40,region_0
65,K,L,-0.3132,-0.1557,-0.766,40,region_0
65,K,M,0.04773,-0.2706,0.2319,40,region_0
65,K,N,-0.1525,-0.1794,0.5123,40,region_0
65,K,P,-0.2462,-0.06154,0.4203,40,region_0
65,K,Q,-0.1717,-0.2469,0.4166,40,region_0
65,K,R,-0.08934,-0.275,-0.4188,40,region_0
65,K,S,-0.03064,0.1021,0.7188,40,region_0
65,K,T,0.117,0.2922,0.9661,40,region_0
65,K,V,-0.3649,-0.7303,-0.3974,40,region_0
65,K,W,-0.4816,-0.3725,-0.1259,40,region_0
65,K,Y,-0.1095,-0.6602,-0.7518,40,region_0
66,E,A,-0.03703,0.1546,-1.841,41,region_0
66,E,C,0.02498,,-3.433,41,region_0
66,E,D,-0.1023,-0.125,0.01271,41,region_0
66,E,E,0,0,0,41,region_0
66,E,F,-0.08864,-0.1635,-1.515,41,region_0
66,E,G,-0.0337,0.08001,-0.5367,41,region_0
66,E,H,0.2793,-0.02279,-0.8439,41,region_0
66,E,I,-0.1717,-0.9066,-2.173,41,region_0
66,E,K,0.1216,-0.01601,-2.824,41,region_0
66,E,L,-0.07417,-1.151,-2.465,41,region_0
66,E,M,-0.07129,-0.4814,-1.546,41,region_0
66,E,N,-0.02024,-0.1086,-0.8989,41,region_0
66,E,P,0.0009618,0.4213,-2.079,41,region_0
66,E,Q,-0.19,-0.8968,-1.255,41,region_0
66,E,R,-0.1501,-0.0412,-2.813,41,region_0
66,E,S,-0.08654,-0.03597,-0.5609,41,region_0
66,E,T,0.003983,-0.2085,-1.29,41,region_0
66,E,V,-0.4231,-0.1045,-1.054,41,region_0
66,E,W,-0.05716,-0.4656,-1.466,41,region_0
66,E,Y,-0.05098,-0.261,-0.7556,41,region_0
67,N,A,0.1893,0.5004,0.3824,42,region_0
67,N,C,-0.08138,0.08421,-0.7642,42,region_0
67,N,D,0.02082,-0.01322,0.0733,42,region_0
67,N,E,0.3727,0.1245,1.088,42,region_0
67,N,F,-0.137,0.1315,-2.402,42,region_0
67,N,G,-0.02453,-0.09747,-0.6745,42,region_0
67,N,H,-0.2495,0.2533,0.1089,42,region_0
67,N,I,-0.2444,0.1234,-1.193,42,region_0
67,N,K,-0.1186,-0.09596,-0.3029,42,region_0
67,N,L,0.03531,-0.02062,-2.569,42,region_0
67,N,M,-0.1505,-0.00247,-0.2069,42,region_0
67,N,N,0,0,0,42,region_0
67,N,P,-0.00256,-0.1567,-0.04605,42,region_0
67,N,Q,0.4041,0.3874,0.3293,42,region_0
67,N,R,-0.3099,-0.1222,-0.4189,42,region_0
67,N,S,0.2973,-0.04308,0.3163,42,region_0
67,N,T,0.1974,0.1595,0.9125,42,region_0
67,N,V,0.3331,-0.01905,-0.00907,42,region_0
67,N,W,-0.2051,-0.4531,-2.112,42,region_0
67,N,Y,-0.191,0.1207,-0.3402,42,region_0
68,K,A,0.02959,0.0257,0.5901,43,region_0
68,K,C,-0.2386,-1.127,-3.087,43,region_0
68,K,D,-0.2339,-0.1029,-0.3193,43,region_0
68,K,E,-0.3375,-0.3511,-0.09212,43,region_0
68,K,F,0.05682,0.3013,0.09877,43,region_0
68,K,G,-0.3114,-0.05559,0.2681,43,region_0
68,K,H,-0.1393,-0.08263,-0.1597,43,region_0
68,K,I,0.2614,0.4251,-0.2455,43,region_0
68,K,K,0,0,0,43,region_0
68,K,L,0.01234,0.08117,-0.1801,43,region_0
68,K,M,-0.002221,0.04576,-0.3839,43,region_0
68,K,N,-0.04726,-0.1401,0.2815,43,region_0
68,K,P,0.2116,0.4161,-0.5196,43,region_0
68,K,Q,0.07526,0.2839,0.916,43,region_0
68,K,R,-0.1812,-0.01875,-0.1191,43,region_0
68,K,S,-0.04965,-0.1073,0.3279,43,region_0
68,K,T,0.1603,-0.347,0.1273,43,region_0
68,K,V,0.0526,-0.04405,-0.1192,43,region_0
68,K,W,-0.1692,-0.2925,-0.6299,43,region_0
68,K,Y,-0.4545,-0.01275,-0.3806,43,region_0
69,C,A,-0.167,0.005767,-3.008,44,region_0
69,C,C,0,0,0,44,region_0
69,C,D,-0.4854,-0.1858,-2.869,44,region_0
69,C,E,0.5035,-0.04566,-3.313,44,region_0
69,C,F,-0.3798,-0.4699,-3.364,44,region_0
69,C,G,-0.5179,0.004436,-3.3,44,region_0
69,C,H,-0.4437,-0.03706,-2.997,44,region_0
69,C,I,-0.1109,-0.05678,-2.984,44,region_0
69,C,K,-0.0552,0.02933,-2.926,44,region_0
69,C,L,-0.411,-0.5786,-3.204,44,region_0
69,C,M,-0.296,-0.9186,-3.347,44,region_0
69,C,N,0.8094,0.03182,-3.151,44,region_0
69,C,P,-0.05771,0.008772,-3.218,44,region_0
69,C,Q,0.06328,0.03341,-3.254,44,region_0
69,C,R,-0.3996,-0.8434,-3.242,44,region_0
69,C,S,-0.04053,0.1423,-2.91,44,region_0
69,C,T,-0.6535,0.1412,-2.918,44,region_0
69,C,V,-0.1998,0.1857,-3.441,44,region_0
69,C,W,0.128,-1.013,-3.235,44,region_0
69,C,Y,-0.2927,-0.3612,-3.309,44,region_0
70,N,A,-0.04673,-0.1349,-2.022,45,region_0
70,N,C,0.1961,-0.3927,-3.138,45,region_0
70,N,D,0.4885,-0.00173,-1.369,45,region_0
70,N,E,-0.2512,0.2656,-2.688,45,region_0
70,N,F,-0.2294,-0.6259,-2.361,45,region_0
70,N,G,0.1838,-0.02474,-2.029,45,region_0
70,N,H,-0.3551,-0.2984,-1.659,45,region_0
70,N,K,-0.1198,-0.1686,-1.668,45,region_0
70,N,L,0.01686,-0.2204,-2.062,45,region_0
70,N,M,,,-2.791,45,region_0
70,N,N,0,0,0,45,region_0
70,N,Q,-0.04412,0.05249,-2.003,45,region_0
70,N,R,-0.2391,-0.2095,-2.217,45,region_0
70,N,S,-0.2311,-0.518,-2.29,45,region_0
70,N,T,-0.09444,-0.6537,-1.822,45,region_0
70,N,V,-0.08733,-0.1104,-1.939,45,region_0
70,N,W,,,-3.127,45,region_0
70,N,Y,0.1344,,-2.955,45,region_0
71,G,A,-0.01512,,-0.9032,46,region_0
71,G,C,-0.1588,-0.2494,-3.359,46,region_0
71,G,D,-0.2383,0.006875,0.3998,46,region_0
71,G,F,-0.2857,-0.5006,-2.18,46,region_0
71,G,G,0,0,0,46,region_0
71,G,H,-0.09749,-0.315,-0.5746,46,region_0
71,G,I,0.123,-0.2776,-0.9337,46,region_0
71,G,K,-0.07098,-0.04124,0.7428,46,region_0
71,G,L,-0.4817,-0.8988,-1.28,46,region_0
71,G,M,-0.1603,-0.6015,-1.707,46,region_0
71,G,N,0.121,-0.9093,-1.006,46,region_0
71,G,P,0.1338,0.3718,-2.427,46,region_0
71,G,Q,-0.2879,-0.4405,-1.071,46,region_0
71,G,R,-0.08275,0.1072,0.6528,46,region_0
71,G,S,0.2943,0.2416,0.466,46,region_0
71,G,T,0.03941,0.239,-0.2265,46,region_0
71,G,V,0.02529,-0.5776,-0.4214,46,region_0
71,G,W,0.59,-0.01076,-2.959,46,region_0
71,G,Y,0.04235,-0.5776,-1.618,46,region_0
72,T,A,-0.05431,0.03059,-2.5,47,region_0
72,T,C,,-0.9105,-0.9497,47,region_0
72,T,D,,,-1.605,47,region_0
72,T,E,,,-2.988,47,region_0
72,T,F,-0.07208,0.01147,-2.3,47,region_0
72,T,G,,,-2.611,47,region_0
72,T,H,,,-2.444,47,region_0
72,T,I,0.1756,-1.451,-2.874,47,region_0
72,T,K,-0.07339,-0.3546,-2.095,47,region_0
72,T,L,0.06354,-0.01049,-2.696,47,region_0
72,T,M,-0.1072,0.08486,-2.399,47,region_0
72,T,N,-0.4561,-0.7,-2.561,47,region_0
72,T,P,0.1632,-0.2062,-2.478,47,region_0
72,T,Q,-0.1269,-0.591,-2.691,47,region_0
72,T,R,-0.1609,-0.1635,-2.138,47,region_0
72,T,S,-0.3329,-0.2623,-0.4333,47,region_0
72,T,T,0,0,0,47,region_0
72,T,V,,,-2.973,47,region_0
72,T,W,-0.1007,0.3471,-2.97,47,region_0
72,T,Y,-0.002543,-1.458,-2.98,47,region_0
73,D,A,-0.1521,0.07267,-0.5648,48,region_0
73,D,C,-0.3174,,-3.295,48,region_0
73,D,D,0,0,0,48,region_0
73,D,E,0.05077,-0.8821,-0.3685,48,region_0
73,D,F,-0.1421,-0.1812,-2.559,48,region_0
73,D,G,,-0.06427,0.465,48,region_0
73,D,H,-0.439,-0.5833,-0.8992,48,region_0
73,D,I,-0.04283,-1.12,-2.084,48,region_0
73,D,K,-0.03954,-0.3391,-1.09,48,region_0
73,D,L,-0.1347,-0.3442,-2.176,48,region_0
73,D,M,-0.06355,-0.09379,-1.561,48,region_0
73,D,N,-0.1426,-0.03986,-0.06679,48,region_0
73,D,P,-0.01884,-0.2197,-1.984,48,region_0
73,D,R,-0.04224,-0.6432,-2.078,48,region_0
73,D,S,-0.1371,-0.4839,0.3525,48,region_0
73,D,T,-0.3286,-0.4757,-0.1071,48,region_0
73,D,V,-0.01527,-0.36,-2.075,48,region_0
73,D,W,-0.1919,-0.423,-2.983,48,region_0
73,D,Y,-0.6938,-0.5103,-2.45,48,region_0
74,A,A,0,0,0,49,region_0
74,A,C,,,-3.167,49,region_0
74,A,D,-0.1703,-1.013,-3.057,49,region_0
74,A,E,-0.1806,-0.707,-2.77,49,region_0
74,A,F,0.2296,-0.4395,-3.24,49,region_0
74,A,G,-0.2388,,-1.601,49,region_0
74,A,H,-0.07325,-0.07202,-0.9632,49,region_0
74,A,K,-0.04557,0.06064,0.9144,49,region_0
74,A,L,-0.02206,-0.1088,0.1003,49,region_0
74,A,N,,,-1.784,49,region_0
74,A,P,-0.001771,-0.3502,-0.3435,49,region_0
74,A,Q,0.02423,-0.08841,0.05621,49,region_0
74,A,R,,,0.743,49,region_0
74,A,S,-0.2725,0.03038,-0.4453,49,region_0
74,A,T,0.02608,0.01581,0.5223,49,region_0
74,A,V,0.06183,0.1841,0.2708,49,region_0
74,A,W,0.02133,0.08517,-1.951,49,region_0
74,A,Y,-0.04855,,-3.248,49,region_0
75,K,A,-0.02163,-0.2564,-2.539,50,region_0
75,K,C,,,-2.893,50,region_0
75,K,D,,,-3.467,50,region_0
75,K,E,-0.3997,-1.357,-3.429,50,region_0
75,K,F,-0.1534,-1.051,-2.446,50,region_0
75,K,G,-0.03078,-1.103,-3.398,50,region_0
75,K,H,0.3226,0.6585,-3.351,50,region_0
75,K,I,-0.06026,-0.3593,-0.3845,50,region_0
75,K,K,0,0,0,50,region_0
75,K,L,-0.2603,-0.1829,-0.8602,50,region_0
75,K,M,-0.3687,-0.1044,-1.99,50,region_0
75,K,N,-0.4538,-0.5911,-3.558,50,region_0
75,K,Q,-0.1553,-0.4864,-3.162,50,region_0
75,K,R,-0.04728,0.07193,0.3871,50,region_0
75,K,S,-0.2116,-1.506,-3.233,50,region_0
75,K,T,-0.633,,-2.21,50,region_0
75,K,V,-0.4855,-0.3121,-0.3364,50,region_0
75,K,W,0.07632,-0.1553,-3.134,50,region_0
75,K,Y,,,-3.194,50,region_0
76,V,A,-0.09366,0.2885,-1.507,51,region_0
76,V,C,,-0.6203,-3.308,51,region_0
76,V,D,-0.444,-0.2642,-0.01554,51,region_0
76,V,E,-0.1016,0.06646,0.9839,51,region_0
76,V,F,-0.1538,-0.7271,-0.7466,51,region_0
76,V,G,0.0762,-0.01504,-0.2191,51,region_0
76,V,H,-0.2715,-1.108,-1.673,51,region_0
76,V,I,0.07973,0.1476,-0.1177,51,region_0
76,V,K,-0.2238,-0.4547,-2.015,51,region_0
76,V,L,0.04484,-0.5031,-0.1421,51,region_0
76,V,M,-0.02131,0.163,-0.579,51,region_0
76,V,N,-0.05235,-0.5513,-1.992,51,region_0
76,V,P,0.005336,,-3.181,51,region_0
76,V,Q,-0.172,-0.04754,-0.3919,51,region_0
76,V,R,-0.1928,,-1.551,51,region_0
76,V,S,0.09223,0.04423,-0.3631,51,region_0
76,V,T,0.04844,-0.106,-0.5133,51,region_0
76,V,V,0,0,0,51,region_0
76,V,W,0.05775,0.01825,-0.0519,51,region_0
76,V,Y,,-1.055,-2.236,51,region_0
77,K,A,-0.4083,-0.342,-0.5129,52,region_0
77,K,C,-0.05119,,-3.184,52,region_0
77,K,D,0.1463,-0.3059,-2.822,52,region_0
77,K,E,-0.0427,-0.3955,-0.5065,52,region_0
77,K,F,-0.08603,-0.2974,-2.725,52,region_0
77,K,G,-0.3825,-0.08935,-0.8045,52,region_0
77,K,H,,-0.4486,-1.33,52,region_0
77,K,I,-0.1044,-0.3338,-2.816,52,region_0
77,K,K,0,0,0,52,region_0
77,K,L,0.5214,-0.1243,-2.497,52,region_0
77,K,M,-0.2937,-0.09855,-0.6903,52,region_0
77,K,N,-0.6571,-0.7553,-1.538,52,region_0
77,K,Q,-0.1196,-0.3785,-1.352,52,region_0
77,K,R,-0.002519,-0.1027,-0.06998,52,region_0
77,K,S,-0.1772,-0.89,-2.897,52,region_0
77,K,T,-0.07582,0.713,-1.304,52,region_0
77,K,V,-0.09043,-0.09031,-1.565,52,region_0
77,K,W,0.005117,0.1766,0.0336,52,region_0
77,K,Y,0.00907,-0.06135,-2.149,52,region_0
78,L,A,,-0.651,-3.415,53,region_0
78,L,C,0.2696,-0.8459,-3.292,53,region_0
78,L,D,,,-2.688,53,region_0
78,L,E,-0.2113,-0.9955,-3.436,53,region_0
78,L,F,0.4116,-0.9324,-3.354,53,region_0
78,L,G,-0.1624,-0.3178,-3.254,53,region_0
78,L,H,,,-3.351,53,region_0
78,L,I,,,-2.502,53,region_0
78,L,K,-0.001835,0.2413,-3.49,53,region_0
78,L,L,0,0,0,53,region_0
78,L,M,-0.1713,-0.2652,-2.271,53,region_0
78,L,N,-0.2401,,-3.388,53,region_0
78,L,P,-0.6627,-0.4745,-3.298,53,region_0
78,L,Q,-0.1466,-1.071,-2.76,53,region_0
78,L,R,-0.09419,,-3.503,53,region_0
78,L,T,,,-3.458,53,region_0
78,L,V,0.3606,,-2.677,53,region_0
78,L,W,,,-3.125,53,region_0
78,L,Y,-0.2175,-0.6087,-3.394,53,region_0
79,I,A,-0.2889,-0.3634,-2.726,54,region_0
79,I,C,-0.8151,-0.4463,-3.354,54,region_0
79,I,D,-0.1896,-0.8671,-3.088,54,region_0
79,I,E,0.6875,-0.1038,-3.202,54,region_0
79,I,F,0.4759,-0.07538,-0.4609,54,region_0
79,I,G,0.277,-0.6729,-3.135,54,region_0
79,I,H,0.09286,0.00173,-3.339,54,region_0
79,I,I,0,0,0,54,region_0
79,I,K,-0.138,-0.3748,-3.116,54,region_0
79,I,L,0.3146,0.2074,0.4241,54,region_0
79,I,M,0.3128,0.5126,0.304,54,region_0
79,I,N,-0.00993,-1.574,-3.106,54,region_0
79,I,P,-0.1868,,-2.938,54,region_0
79,I,Q,,,-3.124,54,region_0
79,I,R,0.2741,-1.265,-2.987,54,region_0
79,I,S,,,-2.828,54,region_0
79,I,T,-0.0007626,-1.057,-2.143,54,region_0
79,I,V,,,-0.5208,54,region_0
79,I,W,-0.1596,-0.07142,-0.6925,54,region_0
79,I,Y,-0.1405,-0.04352,0.3954,54,region_0
80,N,A,-0.09295,0.1579,0.01842,55,region_0
80,N,C,,,-3.341,55,region_0
80,N,D,-0.1507,-0.5525,-3.003,55,region_0
80,N,E,-0.1062,-0.7965,-1.554,55,region_0
80,N,F,0.0209,0.1837,-0.2056,55,region_0
80,N,G,0.05837,0.1187,-0.4959,55,region_0
80,N,H,-0.0548,-0.4148,-0.7226,55,region_0
80,N,I,0.02731,-0.03102,0.2019,55,region_0
80,N,K,-0.1911,-1.287,-1.001,55,region_0
80,N,L,0.139,0.6139,-0.9741,55,region_0
80,N,M,0.02572,0.5409,-0.4519,55,region_0
80,N,N,0,0,0,55,region_0
80,N,P,0.2516,,-3.198,55,region_0
80,N,Q,-0.1329,0.08416,-0.8938,55,region_0
80,N,R,0.08677,0.1049,-0.6517,55,region_0
80,N,S,-0.03495,0.07367,0.4771,55,region_0
80,N,T,-0.2576,-0.5186,-1.482,55,region_0
80,N,V,0.133,0.0334,-0.4433,55,region_0
80,N,W,0.1002,-0.02706,-0.9661,55,region_0
80,N,Y,-0.001924,-0.1412,-0.6832,55,region_0
81,Q,A,0.08084,-0.153,0.1531,56,region_0
81,Q,C,0.1445,0.132,0.3189,56,region_0
81,Q,E,0.0712,0.2992,0.3967,56,region_0
81,Q,F,0.146,0.2284,1.105,56,region_0
81,Q,G,-0.1683,-0.06953,-0.4792,56,region_0
81,Q,H,0.5662,0.7043,1.406,56,region_0
81,Q,I,,-0.3707,-0.502,56,region_0
81,Q,K,0.01993,-0.2444,-0.3842,56,region_0
81,Q,L,0.1087,0.3221,0.9105,56,region_0
81,Q,M,0.0777,0.2866,0.8308,56,region_0
81,Q,N,-0.04192,0.1596,0.4627,56,region_0
81,Q,P,-0.1804,-0.5727,-3.107,56,region_0
81,Q,Q,0,0,0,56,region_0
81,Q,R,0.1574,0.2608,-0.5437,56,region_0
81,Q,S,0.02797,0.00785,-0.2631,56,region_0
81,Q,T,0.007905,-0.007367,0.4537,56,region_0
81,Q,V,0.3513,0.3852,1.005,56,region_0
81,Q,W,0.005488,0.7588,-0.7447,56,region_0
81,Q,Y,0.1299,0.5249,0.7777,56,region_0
82,E,A,,,-3.117,57,region_0
82,E,C,-0.3447,-1.267,-3.369,57,region_0
82,E,D,-0.1747,0.08364,-3.241,57,region_0
82,E,E,0,0,0,57,region_0
82,E,F,,,-3.139,57,region_0
82,E,G,,,-3.115,57,region_0
82,E,H,,,-3.367,57,region_0
82,E,I,,,-3.408,57,region_0
82,E,K,-0.3089,-0.08584,-2.881,57,region_0
82,E,L,-0.009852,-1.123,-2.729,57,region_0
82,E,M,-0.1164,-0.3505,-3.309,57,region_0
82,E,N,,,-3.099,57,region_0
82,E,P,0.4097,0.01151,-2.988,57,region_0
82,E,Q,,0.1818,-2.111,57,region_0
82,E,R,0.1193,0.3018,-3.215,57,region_0
82,E,S,,,-3.19,57,region_0
82,E,T,-0.002798,,-3.028,57,region_0
82,E,W,,,-3.268,57,region_0
82,E,Y,0.1435,,-3.272,57,region_0
83,L,A,-0.03551,-0.8718,-3.145,58,region_0
83,L,C,-0.3478,-0.2212,-3.248,58,region_0
83,L,D,-0.2824,-0.4367,-2.912,58,region_0
83,L,E,0.2358,-0.5442,-3.372,58,region_0
83,L,F,-0.04502,0.001978,0.9953,58,region_0
83,L,G,0.4053,-0.8904,-3.058,58,region_0
83,L,H,-0.1523,-0.02194,-3.005,58,region_0
83,L,I,-0.1135,0.1295,-0.2014,58,region_0
83,L,K,-0.1338,0.1982,-3.2,58,region_0
83,L,L,0,0,0,58,region_0
83,L,M,0.02973,0.08208,0.05145,58,region_0
83,L,N,-0.2758,-0.4268,-3.208,58,region_0
83,L,P,0.1288,-0.3524,-3.244,58,region_0
83,L,Q,,,-2.921,58,region_0
83,L,R,-0.2878,-1.074,-2.958,58,region_0
83,L,S,-0.1471,,-3.375,58,region_0
83,L,T,-0.2228,0.1485,-2.792,58,region_0
83,L,V,-0.1429,-0.218,-1.744,58,region_0
83,L,W,-0.1449,-0.1289,-0.3552,58,region_0
83,L,Y,-0.3576,-1.356,-3.33,58,region_0
84,D,A,0.05922,-0.3236,-1.264,59,region_0
84,D,C,0.0628,0.1215,-0.8027,59,region_0
84,D,D,0,0,0,59,region_0
84,D,E,0.04459,0.4896,-0.2187,59,region_0
84,D,F,0.1167,-0.5036,-1.646,59,region_0
84,D,G,-0.1854,-0.4188,-1.015,59,region_0
84,D,H,-0.03504,-0.04192,-1.173,59,region_0
84,D,I,-0.03229,-0.3264,-0.681,59,region_0
84,D,K,,-0.4242,-2.599,59,region_0
84,D,L,,,-0.9978,59,region_0
84,D,M,-0.2381,-1.236,-1.065,59,region_0
84,D,N,-0.09249,-0.4601,-0.621,59,region_0
84,D,P,-0.01157,-0.7075,-3.078,59,region_0
84,D,Q,,,-1.274,59,region_0
84,D,R,-0.1349,-0.5649,-3.103,59,region_0
84,D,S,0.04294,-0.1369,-0.8635,59,region_0
84,D,T,0.4023,0.1416,-0.21,59,region_0
84,D,V,-0.01116,-0.06189,-0.4189,59,region_0
84,D,W,0.3707,-0.01088,-2.343,59,region_0
84,D,Y,-0.02178,-0.08953,-1.16,59,region_0
85,K,A,-0.09191,0.1942,-0.2651,60,region_0
85,K,C,-0.09273,-0.3301,-2.002,60,region_0
85,K,D,0.04832,0.09044,1.582,60,region_0
85,K,E,0.267,0.3221,1.071,60,region_0
85,K,F,0.005962,-0.4968,0.2405,60,region_0
85,K,G,,,-2.59,60,region_0
85,K,H,-0.03079,0.1754,0.7183,60,region_0
85,K,I,0.3649,0.03058,-2.912,60,region_0
85,K,K,0,0,0,60,region_0
85,K,L,-0.36,-0.3132,-2.51,60,region_0
85,K,M,-0.03077,,-2.454,60,region_0
85,K,N,-0.07577,-0.07092,0.6734,60,region_0
85,K,P,0.06358,0.04569,-3.325,60,region_0
85,K,Q,-0.02687,-0.2021,0.2727,60,region_0
85,K,R,-0.378,-0.2028,-1.325,60,region_0
85,K,S,-0.1792,-0.1179,-0.18,60,region_0
85,K,T,-0.1844,-0.6862,-2.399,60,region_0
85,K,V,0.08149,-0.3765,-2.72,60,region_0
85,K,W,0.0716,-0.1868,-1.672,60,region_0
85,K,Y,-0.06613,0.5008,1.482,60,region_0
86,Y,A,,,-3.104,61,region_0
86,Y,C,-0.07074,0.0159,-3.426,61,region_0
86,Y,D,-0.03267,-0.3979,-2.627,61,region_0
86,Y,E,-0.2935,,-3.277,61,region_0
86,Y,F,-0.0412,-0.4268,-3.179,61,region_0
86,Y,G,-0.1548,-0.5476,-3.431,61,region_0
86,Y,H,0.03412,-0.9767,-2.632,61,region_0
86,Y,I,0.4468,-0.6681,-1.921,61,region_0
86,Y,K,0.02951,-0.8202,-3.226,61,region_0
86,Y,L,-0.06381,0.1077,-2.846,61,region_0
86,Y,M,,,-3.093,61,region_0
86,Y,N,0.3449,0.1748,-3.219,61,region_0
86,Y,P,-0.3143,-0.05224,-3,61,region_0
86,Y,Q,-0.3378,-0.5959,-3.253,61,region_0
86,Y,R,-0.04067,-0.5896,-2.923,61,region_0
86,Y,S,-0.2364,,-3.45,61,region_0
86,Y,T,0.6576,,-3.214,61,region_0
86,Y,V,,,-2.846,61,region_0
86,Y,W,-0.02656,-0.5215,-3.05,61,region_0
86,Y,Y,0,0,0,61,region_0
87,K,A,-0.07365,-0.2556,-0.01885,62,region_0
87,K,C,-0.06387,0.3752,0.8191,62,region_0
87,K,D,-0.01911,0.3805,0.9592,62,region_0
87,K,E,0.1485,0.3373,0.4183,62,region_0
87,K,F,0.09756,,-0.832,62,region_0
87,K,G,0.1172,0.0788,-0.3756,62,region_0
87,K,H,-0.05559,-0.1815,-0.8731,62,region_0
87,K,I,0.03428,0.2662,-0.4048,62,region_0
87,K,K,0,0,0,62,region_0
87,K,L,-0.09409,0.1875,-0.03897,62,region_0
87,K,M,0.7,0.3385,1.257,62,region_0
87,K,N,0.04163,0.2354,0.9273,62,region_0
87,K,P,-0.2366,-0.0577,-3.396,62,region_0
87,K,Q,-0.06074,,0.7228,62,region_0
87,K,R,-0.161,-0.2458,-1.042,62,region_0
87,K,S,0.03283,0.04209,0.3496,62,region_0
87,K,T,0.04042,0.09088,0.5193,62,region_0
87,K,V,0.09378,0.4748,0.5472,62,region_0
87,K,W,-0.1222,-0.2869,-1.48,62,region_0
87,K,Y,0.4239,0.3083,0.4404,62,region_0
88,N,A,0.2929,-0.05215,0.4394,63,region_0
88,N,C,,,-1.608,63,region_0
88,N,D,0.2294,0.2057,0.5951,63,region_0
88,N,E,0.09777,0.09671,0.4257,63,region_0
88,N,G,0.3916,-0.2203,0.3694,63,region_0
88,N,H,,0.1706,-2.164,63,region_0
88,N,K,0.3058,-0.04128,-2.914,63,region_0
88,N,L,0.1239,0.0643,-1.177,63,region_0
88,N,M,,,-2.506,63,region_0
88,N,N,0,0,0,63,region_0
88,N,P,,,-2.622,63,region_0
88,N,Q,-0.01967,0.2204,-0.5409,63,region_0
88,N,R,0.07848,-0.1208,-1.379,63,region_0
88,N,S,-0.007592,-0.1326,0.1718,63,region_0
88,N,T,0.003948,0.02815,1.21,63,region_0
88,N,V,-0.001091,-0.06617,-1.176,63,region_0
88,N,W,,,-3.023,63,region_0
89,A,A,0,0,0,64,region_0
89,A,C,0.06383,-0.1481,-0.4399,64,region_0
89,A,D,0.02691,-0.7114,-3.311,64,region_0
89,A,E,0.04244,-0.5642,-3.29,64,region_0
89,A,F,-0.2738,,-3.403,64,region_0
89,A,G,-0.0415,,-3.08,64,region_0
89,A,H,,1.493,-3.112,64,region_0
89,A,I,,,-3.218,64,region_0
89,A,K,-0.04611,-0.1854,-2.997,64,region_0
89,A,L,-0.291,-0.07607,-3.431,64,region_0
89,A,M,0.0806,,-3.14,64,region_0
89,A,N,-0.2191,-0.9765,-3.438,64,region_0
89,A,P,-0.1504,0.08724,-2.975,64,region_0
89,A,Q,-0.1715,0.4786,-3.125,64,region_0
89,A,R,-0.05267,-0.01475,-3.369,64,region_0
89,A,S,0.175,-0.3463,-3.05,64,region_0
89,A,T,-0.4023,-0.9297,-3.481,64,region_0
89,A,V,0.005565,-0.6631,-3.411,64,region_0
89,A,W,-0.1021,-0.4582,-3.381,64,region_0
89,A,Y,,,-3.045,64,region_0
90,V,A,-0.03415,-0.3957,-1.183,65,region_0
90,V,C,-0.02112,,-0.5117,65,region_0
90,V,D,,,-3.117,65,region_0
90,V,E,0.06705,-0.2613,-1.415,65,region_0
90,V,F,-0.01963,-0.2575,0.901,65,region_0
90,V,G,-0.5954,-0.7415,-3.225,65,region_0
90,V,H,,,-1.073,65,region_0
90,V,I,-0.06085,0.1982,0.576,65,region_0
90,V,K,-0.01933,-0.5088,-2.333,65,region_0
90,V,L,-0.2367,0.2602,-0.2233,65,region_0
90,V,M,-0.05743,0.02823,0.5513,65,region_0
90,V,N,-0.09505,-0.105,-0.6799,65,region_0
90,V,P,0.04125,0.3494,-3.04,65,region_0
90,V,Q,0.01069,0.2539,-0.5331,65,region_0
90,V,R,0.08045,0.3093,-2.136,65,region_0
90,V,S,,,-3.114,65,region_0
90,V,T,,,-3.144,65,region_0
90,V,V,0,0,0,65,region_0
90,V,W,-0.06757,0.1009,0.6923,65,region_0
90,V,Y,-0.06298,0.5342,1.028,65,region_0
91,T,A,-0.005562,0.1822,-0.7966,66,region_0
91,T,C,0.03324,-0.1278,-0.09181,66,region_0
91,T,D,0.1911,0.06935,0.5915,66,region_0
91,T,E,0.1096,0.7828,0.938,66,region_0
91,T,G,-0.1414,-0.1284,-0.194,66,region_0
91,T,H,-0.05223,-0.3336,-0.2905,66,region_0
91,T,I,0.4504,0.2203,-0.1406,66,region_0
91,T,K,,,-0.1212,66,region_0
91,T,L,-0.03211,0.05265,-0.2123,66,region_0
91,T,M,0.04613,-0.5797,-0.4263,66,region_0
91,T,N,0.08603,0.03973,-0.09262,66,region_0
91,T,P,0.03899,0.2098,-3.032,66,region_0
91,T,Q,,,-0.9743,66,region_0
91,T,R,0.05185,-0.1126,0.07801,66,region_0
91,T,S,0.04135,0.1398,-0.0968,66,region_0
91,T,T,0,0,0,66,region_0
91,T,V,0.1148,0.02338,-0.1288,66,region_0
91,T,W,0.08026,0.2489,-0.3178,66,region_0
91,T,Y,0.3789,0.08413,-0.07834,66,region_0
92,E,A,-0.1463,0.0109,-3.445,67,region_0
92,E,C,-0.1372,-0.2428,-3.505,67,region_0
92,E,D,-0.08746,0.892,-3.497,67,region_0
92,E,E,0,0,0,67,region_0
92,E,F,0.09398,-1.285,-3.471,67,region_0
92,E,G,,,-3.428,67,region_0
92,E,H,,,-3.383,67,region_0
92,E,I,0.0279,,-3.485,67,region_0
92,E,K,-0.1409,-0.3061,-3.437,67,region_0
92,E,L,0.6627,,-3.444,67,region_0
92,E,M,,,-3.481,67,region_0
92,E,N,0.101,-0.4621,-3.372,67,region_0
92,E,P,-0.26,-0.03161,-3.202,67,region_0
92,E,Q,0.08373,-0.4994,-3.024,67,region_0
92,E,R,-0.04036,,-3.482,67,region_0
92,E,S,,,-2.755,67,region_0
92,E,T,-0.1183,,-3.489,67,region_0
92,E,V,,0.1683,-3.439,67,region_0
92,E,W,-0.1973,-0.8506,-3.4,67,region_0
92,E,Y,,,-3.253,67,region_0
93,L,A,-0.1827,-0.06137,-0.8645,68,region_0
93,L,C,-0.006395,-1.059,-1.754,68,region_0
93,L,D,,-0.4517,-3.091,68,region_0
93,L,E,-0.3016,-0.3466,-3.416,68,region_0
93,L,F,0.05289,-0.1289,-3.346,68,region_0
93,L,G,-0.02377,-0.9684,-2.972,68,region_0
93,L,H,0.01758,-0.2024,-2.866,68,region_0
93,L,I,-0.6066,,-2.526,68,region_0
93,L,K,0.6198,-0.7835,-3.088,68,region_0
93,L,L,0,0,0,68,region_0
93,L,M,0.2684,0.1197,-0.6545,68,region_0
93,L,N,-0.1627,-0.4169,-3.079,68,region_0
93,L,P,-0.004964,0.1335,-3.026,68,region_0
93,L,Q,,,-3.035,68,region_0
93,L,R,-0.3901,-0.203,-3.054,68,region_0
93,L,S,0.01929,,-2.43,68,region_0
93,L,V,-0.312,-0.8594,-3.043,68,region_0
93,L,W,,,-3.179,68,region_0
93,L,Y,-0.1427,-0.4887,-3.253,68,region_0
94,Q,A,-0.1172,-0.06742,-0.01983,69,region_0
94,Q,C,-0.003789,,-0.4272,69,region_0
94,Q,D,0.1789,0.1231,0.9289,69,region_0
94,Q,E,0.02602,0.05546,0.9152,69,region_0
94,Q,F,0.3232,0.3976,-1.065,69,region_0
94,Q,H,-0.07392,-0.2705,-1.849,69,region_0
94,Q,K,-0.01711,0.31,-0.4464,69,region_0
94,Q,L,,,-1.462,69,region_0
94,Q,M,-0.01169,0.1091,0.3902,69,region_0
94,Q,N,,0.05251,-1.138,69,region_0
94,Q,Q,0,0,0,69,region_0
94,Q,R,-0.06754,0.1367,-1.142,69,region_0
94,Q,S,,,1.028,69,region_0
94,Q,T,-0.1234,0.2443,-0.654,69,region_0
94,Q,W,-0.2162,,-1.009,69,region_0
94,Q,Y,,,-1.16,69,region_0
95,L,A,,,-0.6662,70,region_0
95,L,C,0.04968,-0.06779,-1.413,70,region_0
95,L,F,-0.06678,-0.3095,-1.98,70,region_0
95,L,G,,,-2.47,70,region_0
95,L,I,0.4675,0.2741,-0.1229,70,region_0
95,L,L,0,0,0,70,region_0
95,L,P,0.008971,-1.139,-3.312,70,region_0
95,L,R,0.6522,0.3379,-0.7062,70,region_0
95,L,S,0.4098,0.4935,-0.7883,70,region_0
95,L,V,,,-1.013,70,region_0
96,L,E,,-0.6541,-1.262,71,region_0
96,L,F,,,-0.3828,71,region_0
96,L,H,,,-3.415,71,region_0
96,L,K,,,-3.159,71,region_0
96,L,L,0,0,0,71,region_0
96,L,M,-0.2595,-0.5096,-1.18,71,region_0
96,L,N,-0.03425,-0.367,-1.846,71,region_0
96,L,P,-0.2508,-0.6513,-3.33,71,region_0
96,L,Q,,,-1.735,71,region_0
96,L,R,,,-3.146,71,region_0
96,L,S,0.07779,,-1.951,71,region_0
96,L,T,0.01095,,-2.369,71,region_0
96,L,W,,,-2.115,71,region_0
96,L,Y,,-1.077,-3.247,71,region_0
97,M,A,0.04306,-0.03813,-0.7159,72,none
97,M,C,0.08364,0.0818,-0.6156,72,none
97,M,D,0.08139,-0.4676,-2.11,72,none
97,M,E,0.02936,,-2.931,72,none
97,M,F,-0.01249,-0.3729,-0.2629,72,none
97,M,G,0.09688,0.06784,-1.312,72,none
97,M,H,,,-2.678,72,none
97,M,I,-0.3057,0.0108,-2.397,72,none
97,M,K,-0.07605,,-3.492,72,none
97,M,M,0,0,0,72,none
97,M,N,,,-0.408,72,none
97,M,P,-0.05742,,-3.204,72,none
97,M,R,0.02379,0.9801,-3.236,72,none
97,M,S,-0.0429,-0.4779,-0.6199,72,none
97,M,T,0.009489,0.09022,-1.759,72,none
97,M,V,0.1274,0.04394,0.2747,72,none
97,M,W,0.7521,0.8331,-1.26,72,none
97,M,Y,0.7601,0.3285,-1.317,72,none
98,Q,A,-0.0762,-0.21,-0.3914,73,none
98,Q,C,0.1663,0.3658,-0.5182,73,none
98,Q,D,-0.01157,0.5804,0.4598,73,none
98,Q,E,0.1091,-0.06148,0.2862,73,none
98,Q,F,0.1677,0.3771,0.7051,73,none
98,Q,G,-0.01312,,0.3094,73,none
98,Q,H,0.0189,0.1506,-0.1681,73,none
98,Q,I,0.2149,0.271,0.1006,73,none
98,Q,K,0.08979,0.4247,-0.4867,73,none
98,Q,L,-0.04679,0.6764,-1.232,73,none
98,Q,M,0.1663,0.1354,0.5607,73,none
98,Q,N,0.3484,0.5285,1.512,73,none
98,Q,P,-0.06092,-0.1932,-1.766,73,none
98,Q,Q,0,0,0,73,none
98,Q,R,0.1971,0.2189,-1.092,73,none
98,Q,S,-0.06913,-0.06661,-0.1235,73,none
98,Q,T,-0.08116,-0.2194,0.18,73,none
98,Q,V,0.05421,0.1595,-0.1603,73,none
98,Q,W,-0.02889,0.168,0.2925,73,none
98,Q,Y,-0.07405,0.05697,-0.45,73,none
99,S,A,0.222,-0.4763,-0.3745,74,none
99,S,C,0.005416,0.5648,-2.814,74,none
99,S,D,-0.03711,-0.4959,-2.758,74,none
99,S,E,-0.003194,-0.1246,-2.236,74,none
99,S,F,0.3233,-0.1943,-2.686,74,none
99,S,G,-0.1471,-0.4131,-1.919,74,none
99,S,H,-0.1104,-0.8441,-2.847,74,none
99,S,I,-0.1738,-0.4865,-2.692,74,none
99,S,K,0.2205,,-3.303,74,none
99,S,L,-0.08964,-0.2202,-2.572,74,none
99,S,M,-0.05776,0.1467,-0.3433,74,none
99,S,N,-0.3342,-1.198,-3.351,74,none
99,S,P,0.2089,-0.1852,-3.113,74,none
99,S,Q,-0.08159,,-2.571,74,none
99,S,R,-0.009445,-0.6847,-3.306,74,none
99,S,S,0,0,0,74,none
99,S,T,0.0735,0.1346,-1.808,74,none
99,S,V,-0.07754,-0.2499,-2.995,74,none
99,S,W,0.167,0.02217,-2.062,74,none
99,S,Y,0.6526,-0.1898,-2.687,74,none
100,T,A,-0.1922,0.078,0.0597,75,none
100,T,C,,,-1.086,75,none
100,T,D,-0.09649,-0.02927,-0.7579,75,none
100,T,F,-0.07374,0.1966,0.0017,75,none
100,T,H,0.06718,-0.3963,-0.4047,75,none
100,T,I,0.5974,0.2367,-0.6306,75,none
100,T,K,0.4715,0.07994,0.08797,75,none
100,T,L,-0.1742,0.3428,-0.9905,75,none
100,T,M,-0.1517,0.4759,-2.481,75,none
100,T,N,-0.05036,0.02499,0.5804,75,none
100,T,P,-0.1554,-0.9187,-2.996,75,none
100,T,Q,0.2237,0.8126,-0.6747,75,none
100,T,R,0.1008,0.282,-0.6592,75,none
100,T,S,-0.00763,-0.01755,0.6,75,none
100,T,T,0,0,0,75,none
100,T,Y,-0.4913,0.06571,-0.08954,75,none
101,T,A,-0.007638,-0.09097,-1.402,76,none
101,T,C,-0.1215,-0.316,-0.6361,76,none
101,T,D,-0.4383,0.3167,-1.411,76,none
101,T,E,-0.1994,-0.123,-0.2563,76,none
101,T,F,0.07228,0.08033,0.05225,76,none
101,T,G,-0.3256,-0.04256,0.3204,76,none
101,T,H,0.01136,0.1779,0.1262,76,none
101,T,I,0.07625,-0.07697,-0.4337,76,none
101,T,K,-0.02631,-0.06337,-0.6597,76,none
101,T,L,0.2291,0.1948,-0.1282,76,none
101,T,M,0.1068,-0.1466,-0.5236,76,none
101,T,N,0.2706,0.2175,-0.1157,76,none
101,T,P,-0.3022,-0.4422,-2.729,76,none
101,T,Q,0.0663,0.2816,-0.08324,76,none
101,T,R,-0.2727,-0.2852,-1.035,76,none
101,T,S,-0.4281,,-1.183,76,none
101,T,T,0,0,0,76,none
101,T,V,-0.1133,0.01338,-0.1522,76,none
101,T,W,0.0271,0.02615,-0.8483,76,none
101,T,Y,,,-0.00775,76,none
102,A,A,0,0,0,77,none
102,A,D,-0.2789,-0.09639,0.04288,77,none
102,A,E,-0.2694,0.04014,0.3941,77,none
102,A,F,-0.1391,0.2838,-0.6603,77,none
102,A,G,0.02105,0.153,-0.6533,77,none
102,A,H,-0.08919,-0.07793,-0.1156,77,none
102,A,I,-0.03012,-0.3091,-1.231,77,none
102,A,K,0.2839,0.04672,-0.5973,77,none
102,A,L,-0.07774,-0.4604,-0.9804,77,none
102,A,M,-0.5276,-0.566,-1.426,77,none
102,A,N,0.2977,-0.1068,-0.2028,77,none
102,A,Q,0.2901,0.4305,0.9187,77,none
102,A,R,0.01279,0.02721,-0.6048,77,none
102,A,S,-0.2088,-1.041,-0.6163,77,none
102,A,T,-0.2609,-0.003831,-0.4451,77,none
102,A,V,0.001645,-0.2354,-1.189,77,none
102,A,W,0.002502,-0.1692,-0.8785,77,none
102,A,Y,-0.04943,-0.262,0.1873,77,none
103,A,A,0,0,0,78,none
103,A,C,0.1936,-0.03724,-0.08808,78,none
103,A,D,-0.1001,-0.00278,-0.00378,78,none
103,A,E,-0.01605,0.05345,0.1508,78,none
103,A,F,0.1106,-0.04335,-0.08295,78,none
103,A,G,-0.3133,-0.3424,-0.4798,78,none
103,A,H,0.151,0.06486,-0.06035,78,none
103,A,I,-0.2023,0.2769,-0.7287,78,none
103,A,K,0.1436,0.4403,-0.206,78,none
103,A,L,0.3758,,-1.024,78,none
103,A,M,-0.1085,-0.03725,0.1132,78,none
103,A,N,-0.2085,0.09205,0.0451,78,none
103,A,R,0.1881,-0.2296,-0.6135,78,none
103,A,S,0.02615,0.008251,0.02026,78,none
103,A,T,-0.1353,0.2551,0.2885,78,none
103,A,V,0.05902,0.08957,-0.8104,78,none
103,A,W,0.1525,0.5785,-1.267,78,none
103,A,Y,-0.1449,0.03058,0.8448,78,none
104,N,A,-0.1421,0.06356,-0.3932,79,none
104,N,C,0.3395,0.1267,0.6744,79,none
104,N,D,-0.08911,0.08287,0.5613,79,none
104,N,E,-0.07924,-0.156,-1.176,79,none
104,N,F,0.0809,-0.1636,-1.531,79,none
104,N,G,0.4142,0.009327,0.3971,79,none
104,N,H,-0.01433,0.002596,0.09779,79,none
104,N,I,0.02681,-0.01395,-1.145,79,none
104,N,K,0.06296,0.1445,-0.3313,79,none
104,N,L,,,-1.948,79,none
104,N,M,-0.002844,-0.1962,-1.284,79,none
104,N,N,0,0,0,79,none
104,N,P,,,-3.135,79,none
104,N,Q,0.4197,-0.1267,-0.1524,79,none
104,N,R,0.1561,0.006601,-1.014,79,none
104,N,S,-0.01516,-0.2299,-0.9739,79,none
104,N,T,0.2478,0.3597,-0.399,79,none
104,N,V,0.01313,-0.5857,-0.1933,79,none
104,N,W,0.2948,-0.2162,-1.836,79,none
104,N,Y,-0.0255,-0.3829,-0.6502,79,none
105,N,A,-0.07866,-0.03965,-0.9135,80,none
105,N,C,0.2602,0.4092,-0.9912,80,none
105,N,D,0.1338,0.06128,0.4499,80,none
105,N,E,-0.02748,-0.9532,0.1944,80,none
105,N,F,-0.08795,-0.05126,-0.1501,80,none
105,N,G,0.1048,-0.2478,0.0476,80,none
105,N,H,0.1365,-0.06374,-0.08152,80,none
105,N,I,-0.04333,0.1021,0.5129,80,none
105,N,K,0.2163,-0.136,0.05522,80,none
105,N,L,0.06219,-0.06314,0.131,80,none
105,N,M,0.009546,0.1293,-0.2247,80,none
105,N,N,0,0,0,80,none
105,N,P,0.1546,0.3012,-0.5112,80,none
105,N,Q,-0.199,0.3331,-0.8236,80,none
105,N,R,0.005384,-0.00462,-0.6088,80,none
105,N,S,0.1357,-0.1569,-0.5323,80,none
105,N,T,-0.0004944,-0.09881,-0.7021,80,none
105,N,V,0.1712,-0.1211,0.04069,80,none
105,N,W,,0.1759,0.2536,80,none
105,N,Y,0.08093,0.09367,0.1522,80,none
106,R,A,0.3982,-0.2737,-3.401,81,none
106,R,C,0.2443,0.2568,-2.51,81,none
106,R,D,,,-3.236,81,none
106,R,E,0.7964,0.176,-1.95,81,none
106,R,F,0.2384,0.2105,-0.5066,81,none
106,R,G,,0.7654,-3.483,81,none
106,R,H,-0.1742,0.2354,-0.4628,81,none
106,R,I,-0.05254,0.07166,-0.2819,81,none
106,R,K,0.3242,0.02383,0.2786,81,none
106,R,L,0.06145,0.02876,0.09357,81,none
106,R,M,0.05144,0.1903,0.2165,81,none
106,R,N,-0.01705,-0.03785,-1.938,81,none
106,R,P,0.1298,0.4357,-0.357,81,none
106,R,Q,0.2881,0.1338,-0.6059,81,none
106,R,R,0,0,0,81,none
106,R,S,,,-3.482,81,none
106,R,T,0.2271,-0.3178,-3.446,81,none
106,R,V,0.1001,0.4559,1.037,81,none
106,R,W,0.9974,-0.1717,-2.699,81,none
106,R,Y,0.05262,0.8107,-0.3854,81,none
107,A,A,0,0,0,82,none
107,A,C,0.0164,-0.437,-2.095,82,none
107,A,D,0.01682,0.09649,0.2662,82,none
107,A,E,-0.04569,0.0263,-0.1395,82,none
107,A,F,-0.07034,-0.4215,-1.07,82,none
107,A,G,0.2501,0.3816,0.1383,82,none
107,A,H,0.1794,0.0651,-0.3547,82,none
107,A,I,-0.0003303,-0.1762,-0.7332,82,none
107,A,K,-0.02491,0.1955,0.2702,82,none
107,A,L,,,-0.9345,82,none
107,A,M,-0.1015,-0.5095,-0.7473,82,none
107,A,N,-0.1825,-0.08618,0.3146,82,none
107,A,R,-0.2897,-0.08777,0.5001,82,none
107,A,S,-0.2253,-0.5386,-0.5437,82,none
107,A,T,0.6556,0.3771,-0.9547,82,none
107,A,V,0.09292,0.01393,0.2737,82,none
107,A,W,-0.05606,-0.5508,-0.04377,82,none
107,A,Y,-0.2274,-0.02266,-0.0369,82,none
108,R,A,-0.002348,-0.255,0.2636,83,none
108,R,C,-0.3203,-0.09815,-3.001,83,none
108,R,D,0.7221,0.4982,-0.4479,83,none
108,R,E,-0.007521,0.004003,0.2088,83,none
108,R,F,0.1421,0.5314,-0.4355,83,none
108,R,G,0.3196,0.03053,-0.8871,83,none
108,R,H,0.01947,-0.04024,0.1317,83,none
108,R,I,-0.0653,-0.0364,-0.1125,83,none
108,R,K,0.2186,-0.05746,0.6319,83,none
108,R,L,-0.1299,0.074,-0.06115,83,none
108,R,M,0.1471,0.1824,0.1018,83,none
108,R,N,0.05867,0.1097,-0.06403,83,none
108,R,P,-0.03515,0.1878,-0.3627,83,none
108,R,Q,0.3245,0.19,0.172,83,none
108,R,R,0,0,0,83,none
108,R,S,,-0.3138,-0.0036,83,none
108,R,T,0.237,0.1073,0.04266,83,none
108,R,V,0.03323,0.1983,0.3342,83,none
108,R,W,0.257,0.1808,-1.918,83,none
108,R,Y,-0.08175,-0.1975,0.1558,83,none
109,R,A,,,-3.242,84,none
109,R,C,,,-3.144,84,none
109,R,D,0.4732,,-3.451,84,none
109,R,E,-0.01063,0.1465,-3.32,84,none
109,R,F,-0.0008246,,-3.496,84,none
109,R,G,0.8599,-0.1406,-3.507,84,none
109,R,H,0.0706,-0.3342,-2.905,84,none
109,R,I,0.77,-1.228,-3.465,84,none
109,R,K,-0.02207,0.03997,-0.02154,84,none
109,R,L,,,-3.481,84,none
109,R,M,-0.3325,-0.4632,-3.452,84,none
109,R,N,-0.4256,,-3.215,84,none
109,R,P,,-0.06653,-3.457,84,none
109,R,Q,,,-3.402,84,none
109,R,R,0,0,0,84,none
109,R,S,-0.1991,,-3.391,84,none
109,R,T,,,-3.436,84,none
109,R,V,,-1.861,-3.489,84,none
109,R,W,-0.01618,0.3776,-3.482,84,none
109,R,Y,,,-3.158,84,none
110,E,A,-0.151,-0.7616,-0.1253,85,none
110,E,C,-0.1188,0.1712,-0.4549,85,none
110,E,D,0.05534,-0.4621,0.08195,85,none
110,E,E,0,0,0,85,none
110,E,F,-0.2402,-0.1417,-0.0609,85,none
110,E,G,-0.2057,-1.139,-0.5478,85,none
110,E,H,0.01749,0.153,0.0687,85,none
110,E,I,-0.2218,-0.132,-3.35,85,none
110,E,K,0.09264,-0.5324,-3.207,85,none
110,E,L,0.07053,0.05608,-3.446,85,none
110,E,M,-0.08696,-0.1629,-0.1522,85,none
110,E,N,0.0388,0.003865,0.1132,85,none
110,E,P,,,-3.484,85,none
110,E,Q,0.02066,-0.1429,-0.07697,85,none
110,E,R,0.05117,-0.0529,-0.3827,85,none
110,E,S,0.2064,0.1381,-0.3261,85,none
110,E,T,0.1487,0.1207,0.2163,85,none
110,E,V,-0.05734,-0.2841,-3.427,85,none
110,E,W,-0.1624,-0.2468,-0.7218,85,none
110,E,Y,0.02597,0.1615,0.2585,85,none
111,L,A,-0.2035,-0.2296,0.1556,86,none
111,L,C,0.09071,0.3466,0.1225,86,none
111,L,D,0.06696,-0.1311,0.01546,86,none
111,L,E,-0.3027,0.2379,0.0006,86,none
111,L,F,,,0.1683,86,none
111,L,G,,,-0.3999,86,none
111,L,H,0.05431,0.02898,0.6241,86,none
111,L,I,0.008743,0.1925,-0.4572,86,none
111,L,K,-0.255,-0.063,-1.058,86,none
111,L,L,0,0,0,86,none
111,L,M,-0.03958,0.08829,-0.1005,86,none
111,L,N,0.06987,0.07532,0.07657,86,none
111,L,P,-0.192,-0.3137,-0.3342,86,none
111,L,Q,0.05352,0.2152,0.09339,86,none
111,L,R,-0.02727,0.1409,0.3278,86,none
111,L,S,-0.06778,-0.2727,-0.8829,86,none
111,L,T,-0.02671,0.03318,-0.0735,86,none
111,L,V,0.09508,0.1039,0.256,86,none
111,L,W,-0.2364,0.2498,-0.1615,86,none
111,L,Y,0.1937,-0.1009,0.3783,86,none
112,P,A,-0.09541,0.02221,-0.009145,87,none
112,P,C,0.1286,-0.06292,-0.7982,87,none
112,P,D,0.05948,0.01455,0.2409,87,none
112,P,E,-0.05234,0.1493,0.3141,87,none
112,P,F,0.1658,-0.04826,-0.6196,87,none
112,P,G,-0.01103,-0.02693,-0.05953,87,none
112,P,H,0.1157,0.1082,-0.012,87,none
112,P,I,0.05157,-0.5238,-0.1776,87,none
112,P,K,-0.02686,0.06237,-0.3214,87,none
112,P,L,-0.333,-0.1853,-0.228,87,none
112,P,N,-0.1743,-0.5676,-0.2705,87,none
112,P,P,0,0,0,87,none
112,P,Q,0.001794,-0.1094,-0.2289,87,none
112,P,R,-0.03693,0.09928,-0.789,87,none
112,P,S,-0.02044,-0.209,0.2439,87,none
112,P,T,0.04395,0.06436,0.1315,87,none
112,P,V,0.4029,-0.004812,-0.8527,87,none
112,P,W,0.0505,0.09251,0.2278,87,none
112,P,Y,-0.02656,-0.1132,-0.167,87,none
113,R,A,0.0701,-0.1398,-0.1018,88,none
113,R,C,-0.06806,-0.2148,0.573,88,none
113,R,D,0.1307,0.1689,0.1983,88,none
113,R,E,0.2061,-0.1765,-0.2724,88,none
113,R,F,-0.1874,-0.2058,0.1019,88,none
113,R,G,0.1264,-0.04352,0.137,88,none
113,R,H,0.7697,-0.01352,-0.6404,88,none
113,R,I,-0.04435,-0.1021,0.1591,88,none
113,R,K,-0.00744,0.3022,0.1347,88,none
113,R,L,-0.05126,-0.1826,0.06271,88,none
113,R,M,0.1869,0.05614,0.451,88,none
113,R,N,0.09639,-0.2135,0.3723,88,none
113,R,P,-0.05484,-0.1834,0.0322,88,none
113,R,Q,0.1194,0.08593,-0.0104,88,none
113,R,R,0,0,0,88,none
113,R,S,0.1146,-0.05005,0.1023,88,none
113,R,T,-0.2274,-0.1712,-0.2933,88,none
113,R,V,-0.0509,-0.08058,0.01199,88,none
113,R,W,-0.05759,-0.006151,-0.1694,88,none
113,R,Y,0.05932,0.08356,0.7616,88,none
114,F,A,0.0815,-0.04925,0.1929,89,none
114,F,C,-0.139,-0.1665,-0.1721,89,none
114,F,D,0.3252,0.09524,0.7954,89,none
114,F,E,-0.2243,-0.07427,-0.2098,89,none
114,F,F,0,0,0,89,none
114,F,G,0.1399,0.08785,0.249,89,none
114,F,H,,,-1.135,89,none
114,F,I,-0.1826,0.2061,0.4189,89,none
114,F,K,0.1922,0.02105,0.2031,89,none
114,F,L,0.2087,-0.02134,-0.2051,89,none
114,F,M,0.01626,0.1227,-0.4064,89,none
114,F,N,-0.1355,0.1056,0.3989,89,none
114,F,P,,-0.04526,0.2785,89,none
114,F,Q,-0.06886,-0.4769,-0.6546,89,none
114,F,R,0.05664,0.2205,-0.0692,89,none
114,F,S,0.1029,0.2478,0.4244,89,none
114,F,T,-0.07615,0.05315,0.08619,89,none
114,F,V,-0.2834,,-0.1527,89,none
114,F,W,-0.02968,0.191,0.05335,89,none
114,F,Y,-0.09119,0.03402,0.3309,89,none
115,M,A,-0.04392,0.001797,0.2648,90,none
115,M,C,-0.0288,0.1003,-0.6851,90,none
115,M,D,-0.1798,-0.1926,-0.3871,90,none
115,M,E,0.09491,-0.109,0.191,90,none
115,M,F,-0.01646,-0.09462,-0.502,90,none
115,M,G,-0.0002079,0.2121,0.2652,90,none
115,M,H,0.2127,0.02257,0.2484,90,none
115,M,I,0.006861,0.003931,-0.103,90,none
115,M,K,0.06377,0.1334,0.1862,90,none
115,M,L,-0.08997,0.01823,0.4028,90,none
115,M,M,0,0,0,90,none
115,M,N,0.002341,0.222,0.2271,90,none
115,M,P,0.01053,0.1882,0.1062,90,none
115,M,Q,0.1664,0.3258,0.218,90,none
115,M,R,-0.0168,-0.0184,-0.3139,90,none
115,M,T,0.09876,-0.1064,0.3596,90,none
115,M,V,-0.2305,-0.29,-0.3291,90,none
115,M,W,-0.01249,0.04801,0.2834,90,none
115,M,Y,0.06864,-0.1484,-0.161,90,none
116,N,A,0.01319,-0.3197,-0.4405,91,none
116,N,C,-0.09746,0.3641,-0.8984,91,none
116,N,D,0.1203,-0.04578,-0.0356,91,none
116,N,E,-0.2693,0.06259,-0.1383,91,none
116,N,F,-0.04496,0.09283,0.2922,91,none
116,N,G,-0.1506,-0.02253,0.5036,91,none
116,N,H,,,-0.09794,91,none
116,N,I,0.02859,-0.04766,-0.05115,91,none
116,N,K,-0.2089,0.05145,0.3781,91,none
116,N,L,0.1044,-0.2222,-0.3554,91,none
116,N,M,-0.01229,-0.007335,0.4759,91,none
116,N,N,0,0,0,91,none
116,N,P,-0.005521,0.1416,0.5719,91,none
116,N,Q,0.1022,-0.0679,-0.5281,91,none
116,N,R,0.02892,0.1956,-0.7416,91,none
116,N,S,,,-0.1085,91,none
116,N,T,-0.03738,0.1575,0.000615,91,none
116,N,V,0.09551,0.1177,0.00655,91,none
116,N,W,0.005735,0.3243,0.0995,91,none
116,N,Y,0.494,-0.3299,-0.8792,91,none
117,Y,A,0.09783,-0.0922,0.4209,92,none
117,Y,C,-0.0496,-0.1443,-0.6628,92,none
117,Y,D,0.1496,0.09878,0.09344,92,none
117,Y,E,-0.1228,-0.1197,0.5398,92,none
117,Y,F,-0.04214,0.1437,0.1257,92,none
117,Y,G,-0.2534,-0.1813,-0.2895,92,none
117,Y,H,0.0496,0.07028,-0.3017,92,none
117,Y,I,0.03411,0.06693,0.5057,92,none
117,Y,K,-0.136,-0.03514,-0.5221,92,none
117,Y,L,,0.2062,-0.5323,92,none
117,Y,M,-0.06212,-0.309,-0.2278,92,none
117,Y,N,-0.1016,0.114,-0.3595,92,none
117,Y,P,-0.3865,0.1554,0.1162,92,none
117,Y,Q,-0.2337,-0.0903,-0.3674,92,none
117,Y,R,0.03228,0.1814,-0.1103,92,none
117,Y,S,0.04521,-0.1501,0.1208,92,none
117,Y,T,-0.004017,0.2185,0.4073,92,none
117,Y,V,-0.05329,0.413,0.3355,92,none
117,Y,W,-0.01402,-0.0007974,-0.1445,92,none
117,Y,Y,0,0,0,92,none
118,T,A,-0.3482,-0.03592,0.5132,93,none
118,T,C,0.02913,-0.1545,0.6074,93,none
118,T,D,0.02651,0.3293,0.5495,93,none
118,T,E,,,0.4131,93,none
118,T,F,-0.3675,0.07275,0.3211,93,none
118,T,G,0.01463,0.06593,-0.0528,93,none
118,T,H,,-0.1808,-0.5821,93,none
118,T,I,0.1499,-0.06243,-0.4397,93,none
118,T,K,0.1445,-0.1058,-0.3256,93,none
118,T,L,0.09735,0.2477,1.03,93,none
118,T,M,0.0669,-0.101,0.05153,93,none
118,T,N,0.07102,0.04649,0.1829,93,none
118,T,P,0.04851,-0.2987,-0.4845,93,none
118,T,Q,0.3142,0.1587,0.3589,93,none
118,T,R,0.1255,0.005276,-0.8751,93,none
118,T,S,0.00472,0.444,-0.1423,93,none
118,T,T,0,0,0,93,none
118,T,V,0.03662,-0.01542,-0.211,93,none
118,T,W,0.1032,0.6026,-0.2781,93,none
118,T,Y,-0.3102,0.3109,-0.3034,93,none
119,L,A,-0.3385,-0.2671,-0.7449,94,none
119,L,C,0.2681,-0.05781,0.3294,94,none
119,L,D,0.1594,-0.05199,-0.05365,94,none
119,L,E,0.09935,-0.3552,-0.05089,94,none
119,L,F,-0.1481,-0.1133,-0.1431,94,none
119,L,G,-0.008274,-0.06115,-0.4466,94,none
119,L,H,0.004519,0.1381,0.1976,94,none
119,L,I,0.0233,-0.101,0.09201,94,none
119,L,K,0.06969,0.1278,-0.4185,94,none
119,L,L,0,0,0,94,none
119,L,M,-0.09748,0.1348,0.324,94,none
119,L,N,0.03612,-0.3794,0.07847,94,none
119,L,P,0.06185,0.178,-0.3483,94,none
119,L,Q,0.07445,0.2204,-0.006313,94,none
119,L,R,-0.0892,-0.09131,-0.02024,94,none
119,L,S,0.09474,-0.07711,-0.3261,94,none
119,L,T,-0.1038,-0.05605,-0.01431,94,none
119,L,V,-0.01765,-0.4143,-0.1746,94,none
119,L,W,-0.1825,-0.1244,-0.1014,94,none
119,L,Y,0.07841,0.04955,0.3256,94,none
120,N,A,-0.1666,-0.4392,0.5221,95,none
120,N,C,0.1133,0.2397,,95,none
120,N,D,0.04526,-0.006253,-0.1293,95,none
120,N,E,,,0.04449,95,none
120,N,F,-0.1288,-0.4028,-0.5707,95,none
120,N,G,0.1407,-0.03019,0.1888,95,none
120,N,H,0.1616,-0.2079,0.9666,95,none
120,N,I,0.3335,0.06213,0.03145,95,none
120,N,K,0.2283,0.04758,0.2366,95,none
120,N,L,-0.2299,0.002074,0.1886,95,none
120,N,M,0.2,,-1.832,95,none
120,N,N,0,0,0,95,none
120,N,P,-0.05834,-0.03696,-1.767,95,none
120,N,Q,0.3435,0.1297,0.2355,95,none
120,N,R,0.07927,-0.4263,0.4673,95,none
120,N,S,0.1307,-0.2004,-0.1939,95,none
120,N,T,-0.1758,0.4592,0.2878,95,none
120,N,V,0.4441,-0.1396,0.3793,95,none
120,N,W,-0.117,-0.1519,0.2446,95,none
120,N,Y,0.05996,0.1596,0.6875,95,none
121,N,A,-0.07999,-0.9313,-0.5261,96,none
121,N,C,0.08677,0.08571,-0.355,96,none
121,N,D,0.3121,0.09249,0.2467,96,none
121,N,E,,,-0.7294,96,none
121,N,F,0.2024,0.06956,0.5228,96,none
121,N,G,-0.07944,0.1472,0.08594,96,none
121,N,H,-0.02029,0.3208,0.3575,96,none
121,N,I,0.1571,-0.6004,-0.2535,96,none
121,N,K,0.008039,0.09391,-0.0383,96,none
121,N,L,0.03747,0.006464,0.1891,96,none
121,N,M,0.3236,0.1548,0.5893,96,none
121,N,N,0,0,0,96,none
121,N,P,0.1388,0.09981,0.7682,96,none
121,N,Q,-0.1459,0.01904,-0.3714,96,none
121,N,R,0.05833,0.1947,0.5723,96,none
121,N,S,-0.06553,0.07176,0.6218,96,none
121,N,T,0.1085,-0.04271,-0.4861,96,none
121,N,V,0.4891,0.2321,-0.5102,96,none
121,N,W,-0.6068,-0.3691,-0.5867,96,none
121,N,Y,0.1174,0.2231,0.1358,96,none
122,T,A,0.02773,0.4979,0.3619,97,none
122,T,C,0.2658,0.1244,0.1684,97,none
122,T,D,-0.1052,0.03437,-0.05249,97,none
122,T,E,-0.1843,-0.3614,-0.6342,97,none
122,T,F,-0.01843,-0.2031,-0.000806,97,none
122,T,G,0.2066,0.1614,0.03607,97,none
122,T,H,0.138,0.4334,-0.04492,97,none
122,T,I,0.1276,0.01287,-0.2659,97,none
122,T,K,-0.1251,-0.1958,-0.22,97,none
122,T,L,-0.4693,-0.002219,0.2813,97,none
122,T,M,-0.04949,-0.06874,-0.4085,97,none
122,T,N,-0.0003958,0.2157,-0.5867,97,none
122,T,P,0.2757,-0.07747,0.2543,97,none
122,T,Q,-0.09684,-0.2486,0.0464,97,none
122,T,R,-0.02264,-0.01172,-0.2015,97,none
122,T,S,0.07395,0.03297,0.01422,97,none
122,T,T,0,0,0,97,none
122,T,V,0.1871,-0.05269,-0.1908,97,none
122,T,W,0.05484,0.122,-0.9814,97,none
122,T,Y,0.00386,-0.196,0.0812,97,none
123,K,A,-0.1024,0.3385,0.6352,98,none
123,K,C,-0.09668,-0.1904,0.6738,98,none
123,K,D,0.04955,-0.1417,0.03795,98,none
123,K,E,,-0.2558,0.1646,98,none
123,K,F,0.1964,0.1178,-0.1912,98,none
123,K,G,0.03888,-0.007101,-0.1121,98,none
123,K,H,0.03267,-0.1724,0.5796,98,none
123,K,I,-0.1326,-0.6316,0.1084,98,none
123,K,K,0,0,0,98,none
123,K,L,-0.05977,-0.05541,-0.06026,98,none
123,K,M,-0.0864,0.005038,-0.5366,98,none
123,K,N,-0.02973,0.01373,-0.2137,98,none
123,K,P,0.08325,0.09458,0.2555,98,none
123,K,Q,0.0854,-0.1799,0.06537,98,none
123,K,R,0.1843,-0.07858,0.1817,98,none
123,K,S,0.07486,-0.03564,0.0999,98,none
123,K,T,-0.1488,-0.05086,0.5638,98,none
123,K,V,-0.04923,-0.5667,-0.2178,98,none
123,K,W,0.1139,0.00224,-0.5019,98,none
123,K,Y,0.00882,-0.008534,0.4258,98,none
124,K,A,0.01729,-0.01672,-0.2273,99,none
124,K,C,0.3386,0.02154,0.2037,99,none
124,K,D,-0.02219,0.108,0.3738,99,none
124,K,E,0.1513,0.1248,0.4537,99,none
124,K,F,0.3015,-0.1795,-0.7508,99,none
124,K,G,-0.04278,0.2867,-0.1413,99,none
124,K,H,-0.2401,-0.1091,0.252,99,none
124,K,I,0.04314,0.01081,0.2577,99,none
124,K,K,0,0,0,99,none
124,K,L,-0.04978,-0.0272,-0.06077,99,none
124,K,M,-0.03376,0.1001,0.3466,99,none
124,K,N,-0.02622,-0.08332,0.1586,99,none
124,K,P,0.1101,0.007099,0.433,99,none
124,K,Q,-0.1498,0.1805,0.08883,99,none
124,K,R,0.00764,0.0279,0.2484,99,none
124,K,S,0.1254,-0.2556,0.3096,99,none
124,K,T,0.01147,0.1868,-0.2193,99,none
124,K,V,0.009039,0.3129,-0.3316,99,none
124,K,W,0.1071,-0.00231,-0.101,99,none
124,K,Y,-0.1503,-0.04199,-0.1001,99,none
125,T,A,0.03409,-0.1581,-0.6806,100,none
125,T,C,-0.3399,0.07012,0.8227,100,none
125,T,D,-0.1543,-0.1868,-0.8979,100,none
125,T,E,0.08837,0.09662,-0.07195,100,none
125,T,F,0.08556,-0.1255,-0.2139,100,none
125,T,G,0.06993,-0.1342,-0.0636,100,none
125,T,H,-0.05469,-0.2616,-0.1805,100,none
125,T,I,0.1422,0.2313,-0.5596,100,none
125,T,K,-0.06725,-0.0832,-0.7509,100,none
125,T,L,0.04834,-0.003917,0.4512,100,none
125,T,M,0.006915,-0.6387,-0.5806,100,none
125,T,N,-0.103,0.1725,-0.313,100,none
125,T,P,0.3594,-0.3677,-0.2922,100,none
125,T,Q,0.0512,-0.05521,0.115,100,none
125,T,R,-0.09338,-0.2356,-0.1935,100,none
125,T,S,0.02708,-0.004885,0.5464,100,none
125,T,T,0,0,0,100,none
125,T,V,0.03238,0.4067,-0.1162,100,none
125,T,W,0.06401,0.02674,0.09345,100,none
125,T,Y,0.06463,0.09587,-0.1389,100,none
126,N,A,-0.01449,0.2031,0.4623,101,none
126,N,C,-0.06734,-0.09897,-0.82,101,none
126,N,D,0.02129,0.0264,-0.3246,101,none
126,N,E,0.121,-0.1419,0.3799,101,none
126,N,F,0.08668,-0.1067,-0.4712,101,none
126,N,G,0.2028,0.1055,0.1484,101,none
126,N,H,0.1267,0.01343,0.3488,101,none
126,N,I,0.008915,-0.08683,0.1341,101,none
126,N,K,-0.09544,-0.3605,-0.7777,101,none
126,N,L,0.02056,0.1562,-0.05326,101,none
126,N,M,0.003583,-0.1434,-0.1232,101,none
126,N,N,0,0,0,101,none
126,N,P,0.002131,-0.06021,-0.157,101,none
126,N,Q,0.187,0.02381,-0.104,101,none
126,N,R,0.05903,-0.001899,-0.2124,101,none
126,N,S,-0.1211,-0.1784,0.09264,101,none
126,N,T,0.1043,-0.0968,-0.05601,101,none
126,N,V,-0.2792,-0.4895,-1.02,101,none
126,N,W,0.03051,0.5502,-0.8247,101,none
126,N,Y,-0.1444,-0.1801,-0.1233,101,none
127,V,A,-0.06906,0.03726,-0.6099,102,none
127,V,C,-0.07216,0.07004,0.5526,102,none
127,V,D,0.2803,-0.2301,-1.473,102,none
127,V,E,0.01738,0.1133,-0.2866,102,none
127,V,F,0.235,-0.0325,-0.1116,102,none
127,V,G,-0.04965,-0.032,0.3611,102,none
127,V,H,0.1064,0.2179,0.5191,102,none
127,V,I,0.2414,-0.1845,-0.2675,102,none
127,V,K,-0.1032,-0.2199,-0.3128,102,none
127,V,L,0.02205,0.05251,0.4032,102,none
127,V,M,0.002965,-0.02722,0.5467,102,none
127,V,N,0.003725,-0.01821,-0.3759,102,none
127,V,P,0.1437,-0.3064,-1.292,102,none
127,V,Q,-0.008408,,,102,none
127,V,R,-0.02271,-0.3391,-0.6696,102,none
127,V,S,-0.5181,-0.155,-0.7037,102,none
127,V,T,0.1535,0.04775,-0.4848,102,none
127,V,V,0,0,0,102,none
127,V,W,-0.1441,-0.08938,-0.4291,102,none
127,V,Y,0.05764,-0.05539,-0.4197,102,none
128,T,A,0.179,-0.1524,0.3204,103,none
128,T,C,-0.3073,-0.1698,-0.3577,103,none
128,T,D,0.1637,0.03962,-0.4707,103,none
128,T,E,0.2446,0.08965,-0.1272,103,none
128,T,F,,,-0.8444,103,none
128,T,G,0.08141,,-0.7854,103,none
128,T,H,0.04908,-0.08442,-0.6671,103,none
128,T,I,0.1035,0.3949,0.06828,103,none
128,T,K,-0.01227,-0.1416,-0.5577,103,none
128,T,L,0.02123,0.1765,0.03505,103,none
128,T,M,0.1478,-0.2263,-0.3473,103,none
128,T,N,-0.00375,-0.05608,-0.09618,103,none
128,T,P,0.132,0.0355,-0.4608,103,none
128,T,Q,-0.1566,0.106,0.02535,103,none
128,T,R,0.249,-0.3065,-0.382,103,none
128,T,S,-0.04731,0.1637,0.0387,103,none
128,T,T,0,0,0,103,none
128,T,V,-0.03336,0.2584,0.0277,103,none
128,T,W,0.003032,-0.2541,0.4626,103,none
128,T,Y,-0.0562,-0.1987,-0.5147,103,none
129,L,A,0.08511,-0.01264,0.4846,104,none
129,L,C,-0.2852,-0.03819,-0.3388,104,none
129,L,D,0.0942,-0.1044,-1.765,104,none
129,L,E,0.2622,0.257,-0.1607,104,none
129,L,F,0.27,-0.3372,-0.2034,104,none
129,L,G,0.2843,-0.0807,-0.7173,104,none
129,L,H,0.02006,0.03373,-0.3272,104,none
129,L,I,-0.03415,0.08168,-0.1161,104,none
129,L,K,0.02224,-0.02417,-0.3993,104,none
129,L,L,0,0,0,104,none
129,L,M,0.00956,0.08894,-0.009095,104,none
129,L,N,0.05052,-0.06931,-0.4628,104,none
129,L,P,0.02116,0.01832,-1.089,104,none
129,L,Q,-0.01544,0.291,-0.252,104,none
129,L,R,0.05504,0.05396,-0.4219,104,none
129,L,S,,-0.006564,-1.18,104,none
129,L,T,0.2376,0.5,0.0105,104,none
129,L,V,0.007513,0.0584,0.02032,104,none
129,L,W,0.3075,0.1344,-0.3275,104,none
129,L,Y,0.01333,-0.04114,-0.5851,104,none
130,S,A,-0.08291,-0.1315,-0.2581,105,none
130,S,C,0.1375,-0.1123,0.2988,105,none
130,S,D,-0.0361,-0.1893,-0.2737,105,none
130,S,E,0.1929,-0.03776,-0.1381,105,none
130,S,F,-0.09172,0.04139,0.1054,105,none
130,S,G,0.1044,-0.1845,0.1242,105,none
130,S,H,0.001271,0.06947,-0.8233,105,none
130,S,I,0.04453,0.08225,0.3337,105,none
130,S,K,0.1113,0.03449,-0.1013,105,none
130,S,L,0.04306,-0.07223,0.6332,105,none
130,S,M,0.08106,0.132,0.1614,105,none
130,S,N,-0.2201,0.0277,-1.096,105,none
130,S,P,-0.04425,-0.1046,0.2392,105,none
130,S,Q,-0.06006,0.08997,-0.5386,105,none
130,S,R,0.005232,-0.03012,-0.9758,105,none
130,S,S,0,0,0,105,none
130,S,T,0.05489,0.07948,0.09745,105,none
130,S,V,0.3798,0.2866,0.2042,105,none
130,S,W,-0.1612,-0.04606,-1.217,105,none
130,S,Y,-0.00493,0.04951,-0.3616,105,none
131,K,A,-0.2144,-0.1171,-0.3089,106,none
131,K,C,0.02372,-0.02828,-0.07108,106,none
131,K,D,0.3558,-0.2162,-1.055,106,none
131,K,E,0.1431,-0.4167,-1.198,106,none
131,K,F,-0.09333,0.1351,0.7319,106,none
131,K,G,0.08531,-0.2961,-0.2207,106,none
131,K,H,0.06927,-0.06986,0.2144,106,none
131,K,I,0.5076,-0.01559,0.3799,106,none
131,K,K,0,0,0,106,none
131,K,L,-0.6912,0.2824,-0.6844,106,none
131,K,M,0.03381,-0.1863,0.5628,106,none
131,K,N,-0.0596,-0.03798,0.4648,106,none
131,K,P,-0.05797,0.0454,-0.4916,106,none
131,K,Q,0.09115,0.05489,-0.8951,106,none
131,K,R,-0.1725,0.01764,-0.0546,106,none
131,K,S,0.06821,-0.02979,-0.03229,106,none
131,K,T,-0.2443,-0.313,-0.5699,106,none
131,K,V,0.03107,0.02219,0.173,106,none
131,K,W,-0.0877,-0.2411,-0.9757,106,none
131,K,Y,-0.4448,0.01785,0.0386,106,none
132,K,A,0.2638,0.2086,-0.4078,107,none
132,K,C,-0.1297,-0.01526,-1.038,107,none
132,K,D,-0.07833,0.05653,-0.389,107,none
132,K,E,-0.3207,-0.2717,-0.3872,107,none
132,K,F,0.05082,,-0.8881,107,none
132,K,G,-0.0222,0.09412,0.3744,107,none
132,K,H,-0.1827,-0.04727,-0.2153,107,none
132,K,I,-0.2641,-0.2101,-0.493,107,none
132,K,K,0,0,0,107,none
132,K,L,0.3898,0.3355,-0.202,107,none
132,K,M,-0.1897,0.2422,-0.1298,107,none
132,K,N,0.03487,0.1449,-0.467,107,none
132,K,P,0.05471,0.2099,0.2611,107,none
132,K,Q,0.05013,0.01211,-0.3171,107,none
132,K,R,0.0427,-0.1835,0.1899,107,none
132,K,S,-0.1495,-0.0355,-0.7097,107,none
132,K,T,0.1273,0.09464,-0.3184,107,none
132,K,V,-0.09269,-0.03421,-0.3408,107,none
132,K,W,0.1893,0.1012,-0.196,107,none
132,K,Y,0.1309,0.3388,-0.3219,107,none
133,R,A,-0.02198,,-3.468,108,none
133,R,C,0.2529,-0.7466,-3.427,108,none
133,R,D,0.5697,-0.06481,-3.411,108,none
133,R,E,-0.005889,,-3.447,108,none
133,R,F,,-1.11,-3.441,108,none
133,R,G,0.2494,0.2962,-3.421,108,none
133,R,H,,-0.6462,-3.239,108,none
133,R,I,-0.09795,-0.1955,-2.921,108,none
133,R,K,0.07804,-0.3868,-2.896,108,none
133,R,L,-0.1802,-0.1225,-3.138,108,none
133,R,M,,,-2.889,108,none
133,R,N,-0.1962,-0.001127,-3.508,108,none
133,R,P,-0.08631,,-3.488,108,none
133,R,Q,-0.01899,-0.5313,-3.421,108,none
133,R,R,0,0,0,108,none
133,R,S,-0.04688,,-3.121,108,none
133,R,T,,,-3.389,108,none
133,R,V,-0.2138,-0.6511,-2.933,108,none
133,R,W,-0.1051,-0.8262,-3.455,108,none
133,R,Y,0.0162,-0.6371,-3.325,108,none
134,K,A,-0.02094,-0.06807,-0.8255,109,none
134,K,C,0.3006,-0.232,-0.9813,109,none
134,K,D,,,-0.7876,109,none
134,K,E,0.09679,0.1208,-0.4205,109,none
134,K,F,-0.03913,0.02675,-1.001,109,none
134,K,G,-0.004399,0.001098,-0.02537,109,none
134,K,H,-0.1682,0.009254,-0.5211,109,none
134,K,I,0.1619,-0.1196,-0.9577,109,none
134,K,K,0,0,0,109,none
134,K,L,0.2627,-0.2861,-1.113,109,none
134,K,M,,,-0.6155,109,none
134,K,N,0.1921,-0.117,-0.5579,109,none
134,K,P,-0.06306,0.04085,-0.13,109,none
134,K,Q,-0.005608,0.1948,-0.04625,109,none
134,K,R,-0.1601,0.1258,0.2658,109,none
134,K,S,0.06947,-0.2006,-0.8211,109,none
134,K,T,0.02185,0.008702,-0.9216,109,none
134,K,V,0.0568,0.07562,-1.437,109,none
134,K,W,0.09426,-0.138,-1.813,109,none
134,K,Y,0.2179,0.1032,-0.3135,109,none
135,R,A,0.1865,0.09743,-0.7856,110,none
135,R,C,0.2402,-0.8113,-2.271,110,none
135,R,D,,,-3.277,110,none
135,R,E,0.4184,-0.1181,-1.233,110,none
135,R,F,-0.7274,-1.022,-3.24,110,none
135,R,G,-0.1478,-0.001041,-1.398,110,none
135,R,H,-0.03198,,-3.347,110,none
135,R,I,-0.1599,-0.2155,-1.784,110,none
135,R,K,-0.1907,-0.5005,-0.4641,110,none
135,R,L,-0.2489,-0.6265,-2.448,110,none
135,R,M,-0.0461,-0.02015,-1.699,110,none
135,R,N,,-1.329,-3.159,110,none
135,R,P,,-0.967,-0.4338,110,none
135,R,Q,-0.5935,-0.3633,-1.062,110,none
135,R,R,0,0,0,110,none
135,R,S,-0.03844,0.02544,-1.052,110,none
135,R,T,0.1349,-0.01618,-0.1726,110,none
135,R,V,0.5805,-0.006857,-0.2031,110,none
135,R,W,,,-3.474,110,none
135,R,Y,,-0.06801,-2.121,110,none
136,R,A,-0.3163,-0.4848,-3.009,111,none
136,R,C,0.0831,,-3.41,111,none
136,R,D,0.5392,-0.4627,-3.357,111,none
136,R,E,-0.03815,-0.6104,-2.941,111,none
136,R,G,,-0.603,-2.764,111,none
136,R,H,0.4892,-0.6097,-3.008,111,none
136,R,I,0.26,-0.6463,-3.463,111,none
136,R,K,-0.1784,-1.135,-3.409,111,none
136,R,L,0.04132,-1.005,-3.476,111,none
136,R,M,,,-3.442,111,none
136,R,N,,,-3.163,111,none
136,R,P,-0.02644,,-3.46,111,none
136,R,Q,0.04703,-0.5812,-3.505,111,none
136,R,R,0,0,0,111,none
136,R,S,,,-3.29,111,none
136,R,T,-0.1777,-0.8041,-3.366,111,none
136,R,V,,,-3.366,111,none
136,R,W,-0.03267,0.09209,-3.471,111,none
136,R,Y,-0.008906,-1.02,-3.321,111,none
137,F,A,-0.07312,-0.8879,-3.474,112,none
137,F,C,0.07566,-0.9762,-3.42,112,none
137,F,D,,,-3.493,112,none
137,F,E,-0.1623,-0.2862,-3.451,112,none
137,F,F,0,0,0,112,none
137,F,G,-0.06268,,-3.448,112,none
137,F,H,0.1788,-0.3865,-3.274,112,none
137,F,I,0.1934,0.2922,-3.176,112,none
137,F,K,0.123,-0.08369,-3.443,112,none
137,F,L,0.1561,0.5731,-3.273,112,none
137,F,M,-0.3456,-0.2172,-3.218,112,none
137,F,N,0.05584,-0.7501,-3.404,112,none
137,F,P,-0.247,,-3.399,112,none
137,F,Q,,,-3.398,112,none
137,F,R,-0.3456,,-3.452,112,none
137,F,S,-0.05472,,-3.48,112,none
137,F,T,,,-3.345,112,none
137,F,V,-0.2692,0.03027,-3.369,112,none
137,F,W,0.6841,-0.2558,-2.911,112,none
137,F,Y,-0.05905,-0.6511,-1.794,112,none
138,L,A,,,-3.485,113,none
138,L,C,,-0.7517,-3.46,113,none
138,L,D,,,-3.16,113,none
138,L,E,,,-3.443,113,none
138,L,F,-0.1891,-0.2974,-3.229,113,none
138,L,G,-0.01587,,-3.438,113,none
138,L,H,,,-2.635,113,none
138,L,I,-0.1039,-0.8201,-3.389,113,none
138,L,K,,,-3.428,113,none
138,L,L,0,0,0,113,none
138,L,M,-0.08684,-0.1718,-0.2607,113,none
138,L,N,-0.09111,-0.3613,-3.042,113,none
138,L,P,0.638,-0.3605,-3.318,113,none
138,L,Q,0.1052,,-3.282,113,none
138,L,R,,,-3.115,113,none
138,L,S,-0.03518,-0.5624,-3.252,113,none
138,L,T,,,-3.434,113,none
138,L,V,-0.1043,-0.6675,-3.327,113,none
138,L,W,-0.2227,-0.2957,-0.922,113,none
138,L,Y,,-0.8743,-2.418,113,none
139,G,A,-0.1442,-0.0669,0.09867,114,none
139,G,C,-0.2862,-0.8284,-3.41,114,none
139,G,D,-0.09022,-0.4559,-1.123,114,none
139,G,E,-0.4866,-0.3185,-2.229,114,none
139,G,F,,,-3.161,114,none
139,G,G,0,0,0,114,none
139,G,H,-0.3776,0.05883,-1.145,114,none
139,G,I,0.01399,-0.8586,-3.455,114,none
139,G,K,0.05813,-0.5538,-2.663,114,none
139,G,L,-0.1337,-1.236,-3.314,114,none
139,G,M,-0.4429,,-3.359,114,none
139,G,N,-0.3491,-0.7584,-2.558,114,none
139,G,P,-0.165,-0.1859,-3.487,114,none
139,G,Q,-0.04267,-0.2787,-0.4047,114,none
139,G,R,-0.1513,0.1479,-1.974,114,none
139,G,S,-0.08736,0.162,0.1818,114,none
139,G,T,-0.2414,0.3379,-1.393,114,none
139,G,V,-0.01398,-0.6596,-3.308,114,none
139,G,W,0.2425,,-2.776,114,none
139,G,Y,-0.198,-0.4314,-3.302,114,none
140,F,A,0.1617,,-3.459,115,none
140,F,C,0.09778,,-3.106,115,none
140,F,D,,,-3.49,115,none
140,F,E,-0.01932,,-3.47,115,none
140,F,F,0,0,0,115,none
140,F,H,,,-2.732,115,none
140,F,I,,,-3.051,115,none
140,F,K,,,-3.216,115,none
140,F,L,0.9831,-0.1817,-3.42,115,none
140,F,M,-0.06188,,-3.46,115,none
140,F,N,,,-3.442,115,none
140,F,P,,,-3.228,115,none
140,F,Q,0.03832,-0.9747,-3.393,115,none
140,F,R,,,-3.232,115,none
140,F,S,-0.02807,,-3.462,115,none
140,F,T,0.01196,,-3.18,115,none
140,F,V,0.2206,-0.7606,-3.425,115,none
140,F,W,0.029,-0.1525,-0.8416,115,none
140,F,Y,0.4574,-0.1908,-0.1462,115,none
141,L,A,0.195,-1.013,-3.461,116,none
141,L,C,,,-3.255,116,none
141,L,D,,,-3.402,116,none
141,L,E,,,-3.431,116,none
141,L,F,-0.2683,-0.7606,-2.578,116,none
141,L,G,,,-3.472,116,none
141,L,H,-0.02218,-0.6963,-3.476,116,none
141,L,I,-0.08088,,-3.376,116,none
141,L,K,0.04323,,-3.26,116,none
141,L,L,0,0,0,116,none
141,L,M,-0.287,-0.461,-1.569,116,none
141,L,N,-0.2348,,-3.454,116,none
141,L,P,0.7209,-1.322,-3.534,116,none
141,L,Q,-0.3466,-1.325,-3.474,116,none
141,L,R,0.6079,-0.2019,-2.566,116,none
141,L,S,0.09324,-0.8297,-3.386,116,none
141,L,T,,-0.4446,-3.446,116,none
141,L,V,-0.222,0.0006395,-3.253,116,none
141,L,W,-0.1503,-0.5239,-1.6,116,none
141,L,Y,-0.1855,-0.7662,-2.237,116,none
142,L,A,,,-3.26,117,none
142,L,C,-0.138,-0.6885,-3.303,117,none
142,L,D,,,-3.046,117,none
142,L,E,0.1807,,-3.357,117,none
142,L,F,-0.2772,-1.229,-3.466,117,none
142,L,G,,,-3.147,117,none
142,L,H,0.02631,-0.7714,-3.271,117,none
142,L,I,-0.2448,-0.03905,-3.396,117,none
142,L,K,-0.4088,,-3.195,117,none
142,L,L,0,0,0,117,none
142,L,M,-0.342,-1.29,-3.119,117,none
142,L,N,,,-3.411,117,none
142,L,P,-0.1098,-0.9244,-3.346,117,none
142,L,Q,,,-3.426,117,none
142,L,R,,-1.069,-3.007,117,none
142,L,S,0.8259,,-3.186,117,none
142,L,T,0.1155,0.1557,-3.368,117,none
142,L,V,-0.1863,-0.9809,-3.202,117,none
142,L,W,-0.004835,-0.2267,-1.946,117,none
142,L,Y,-0.1854,0.8844,-3.448,117,none
143,G,A,-0.3074,0.2988,-3.479,118,none
143,G,C,-0.3133,-0.9246,-3.421,118,none
143,G,D,0.08872,-1.214,-3.515,118,none
143,G,E,,,-3.287,118,none
143,G,F,,,-3.229,118,none
143,G,G,0,0,0,118,none
143,G,H,,,-3.404,118,none
143,G,I,0.1447,-0.09736,-3.309,118,none
143,G,K,-0.1216,,-3.418,118,none
143,G,L,,,-2.803,118,none
143,G,M,-0.6069,-1.095,-3.381,118,none
143,G,N,0.01429,-0.7292,-3.362,118,none
143,G,P,,,-0.9487,118,none
143,G,Q,0.2717,-0.9257,-3.377,118,none
143,G,R,0.7457,,-3.005,118,none
143,G,S,-0.3218,-0.7121,-3.037,118,none
143,G,T,-0.0495,-0.505,-3.392,118,none
143,G,V,0.6023,-0.2583,-3.427,118,none
143,G,W,,,-3.388,118,none
143,G,Y,0.06516,,-3.511,118,none
144,V,A,-0.09812,-0.5726,-0.7114,119,none
144,V,C,,,-2.401,119,none
144,V,F,-0.5048,0.2285,-2.763,119,none
144,V,G,-0.009747,-0.9598,-3.168,119,none
144,V,H,,,-3.087,119,none
144,V,I,-0.04416,0.2196,-0.6049,119,none
144,V,K,0.1753,,-2.565,119,none
144,V,L,-0.1433,-1.03,-2.146,119,none
144,V,M,-0.4276,0.08598,0.04738,119,none
144,V,N,,-0.6764,-2.989,119,none
144,V,P,,,-3.393,119,none
144,V,Q,-0.0874,-0.1907,-2.424,119,none
144,V,R,,,-2.736,119,none
144,V,S,-0.1131,-0.1401,-0.05292,119,none
144,V,T,-0.2506,-0.09887,-0.4839,119,none
144,V,V,0,0,0,119,none
144,V,W,-0.03806,-0.8498,-3.313,119,none
144,V,Y,-0.2739,-0.4001,-2.712,119,none
145,G,A,,,-3.401,120,none
145,G,C,0.1148,-0.6438,-3.46,120,none
145,G,D,0.03456,-0.09127,-3.441,120,none
145,G,E,0.5651,-0.7333,-3.466,120,none
145,G,F,,-0.3611,-3.098,120,none
145,G,G,0,0,0,120,none
145,G,I,,,-1.948,120,none
145,G,K,-0.008801,,-3.367,120,none
145,G,L,,,-3.216,120,none
145,G,M,0.5242,-1.068,-3.349,120,none
145,G,N,-0.05479,-0.7676,-3.463,120,none
145,G,P,-0.2191,-0.6295,-2.436,120,none
145,G,Q,0.3393,-0.8095,-3.385,120,none
145,G,R,,-1.76,-2.885,120,none
145,G,S,-0.07948,-0.2406,-3.449,120,none
145,G,T,,,-3.48,120,none
145,G,V,-0.3749,-0.412,-3.463,120,none
145,G,W,0.02768,-1.055,-3.489,120,none
145,G,Y,-0.2402,,-3.462,120,none
146,S,A,,,-3.077,121,region_V
146,S,C,,,-2.579,121,region_V
146,S,D,-0.1111,0.2419,-3.094,121,region_V
146,S,E,,,-2.378,121,region_V
146,S,F,0.2587,-0.07437,-2.992,121,region_V
146,S,G,0.286,-0.7283,-3.482,121,region_V
146,S,H,-0.29,-0.3132,-0.7521,121,region_V
146,S,I,-0.1142,-0.6454,-3.442,121,region_V
146,S,K,,-1.871,0.1338,121,region_V
146,S,L,,,-3.364,121,region_V
146,S,M,-0.002875,-0.08213,-1.722,121,region_V
146,S,N,0.1352,0.2648,-0.1775,121,region_V
146,S,P,,,-3.031,121,region_V
146,S,Q,0.006222,,-3.042,121,region_V
146,S,R,,-1.387,-1.413,121,region_V
146,S,S,0,0,0,121,region_V
146,S,T,-0.06975,-0.6076,-3.006,121,region_V
146,S,V,,-0.7267,-2.115,121,region_V
146,S,W,0.06714,0.3069,-2.386,121,region_V
146,S,Y,-0.0178,0.08065,-1.98,121,region_V
147,A,A,0,0,0,122,region_V
147,A,C,-0.1041,,-2.361,122,region_V
147,A,D,,-0.3103,-3.207,122,region_V
147,A,E,0.06831,-0.4889,-2.183,122,region_V
147,A,F,0.2124,-0.3552,-3.206,122,region_V
147,A,G,0.1201,-0.1474,-3.011,122,region_V
147,A,H,0.1103,,-2.648,122,region_V
147,A,I,0.2685,,-1.551,122,region_V
147,A,K,,,-2.136,122,region_V
147,A,L,0.05522,-0.2401,-2.928,122,region_V
147,A,M,-0.3046,-0.7383,-3.01,122,region_V
147,A,N,-0.3067,-0.2148,-0.8524,122,region_V
147,A,P,,-0.9017,-3.115,122,region_V
147,A,Q,-0.04532,-0.293,-1.269,122,region_V
147,A,R,,,-2.342,122,region_V
147,A,S,-0.1643,-0.2663,-0.2364,122,region_V
147,A,T,0.09495,0.0118,-0.3126,122,region_V
147,A,V,0.001858,0.1158,-0.8327,122,region_V
147,A,W,0.2574,-0.6754,-2.898,122,region_V
147,A,Y,0.1547,0.135,-2.507,122,region_V
148,I,A,0.1207,-0.08102,-2.526,123,region_V
148,I,C,,,-2.63,123,region_V
148,I,D,,,-3.049,123,region_V
148,I,E,-0.2385,,-3.327,123,region_V
148,I,F,0.1149,-0.01197,-2.035,123,region_V
148,I,G,-0.2289,-0.84,-3.431,123,region_V
148,I,H,,,-3.478,123,region_V
148,I,I,0,0,0,123,region_V
148,I,K,-0.08161,-0.5953,-2.835,123,region_V
148,I,L,0.09026,0.06702,-0.9039,123,region_V
148,I,M,-0.04849,-0.08389,-2.248,123,region_V
148,I,N,-0.4299,-0.9996,-3.486,123,region_V
148,I,P,-0.05934,,-3.392,123,region_V
148,I,Q,-0.1437,-0.2546,-3.409,123,region_V
148,I,R,0.226,0.4075,-3.217,123,region_V
148,I,S,0.1031,-0.1665,-3.358,123,region_V
148,I,T,-0.09475,0.2536,-2.889,123,region_V
148,I,V,-0.3896,0.09241,0.3785,123,region_V
148,I,W,0.0002989,-0.1326,-2.383,123,region_V
148,I,Y,0.1371,-0.1106,-2.828,123,region_V
149,A,A,0,0,0,124,region_V
149,A,C,-0.05546,,-3.387,124,region_V
149,A,D,0.4192,-0.775,-3.141,124,region_V
149,A,E,,,-3.312,124,region_V
149,A,F,-0.1223,-0.6618,-3.458,124,region_V
149,A,G,-0.02144,,-3.3,124,region_V
149,A,H,,,-3.074,124,region_V
149,A,I,,,-3.19,124,region_V
149,A,K,,,-3.351,124,region_V
149,A,L,-0.1565,-0.2268,-3.433,124,region_V
149,A,M,,,-3.393,124,region_V
149,A,P,0.04293,-0.08861,-3.46,124,region_V
149,A,Q,-0.1533,,-3.446,124,region_V
149,A,R,,,-3.365,124,region_V
149,A,S,-0.6524,-1.643,-3.231,124,region_V
149,A,T,-0.4788,-0.3541,-3.367,124,region_V
149,A,V,0.512,-0.5747,-3.493,124,region_V
149,A,W,0.8506,-0.3878,-3.257,124,region_V
149,A,Y,,,-3.174,124,region_V
150,S,A,-0.07563,0.4233,-0.6225,125,region_V
150,S,C,-0.08185,-0.03656,-0.9502,125,region_V
150,S,D,-0.05415,,0.3775,125,region_V
150,S,E,,-0.2037,-3.08,125,region_V
150,S,F,-0.2832,,-3.336,125,region_V
150,S,G,0.009509,0.1071,-3.378,125,region_V
150,S,I,-0.2672,-1.245,-2.635,125,region_V
150,S,K,,,-1.825,125,region_V
150,S,L,-0.2123,-0.6723,-2.41,125,region_V
150,S,M,0.007225,-0.5239,-1.893,125,region_V
150,S,N,-0.1783,-0.7556,-3.244,125,region_V
150,S,P,0.1642,-0.6951,-3.147,125,region_V
150,S,Q,,,-3.235,125,region_V
150,S,R,-0.1231,,-0.6109,125,region_V
150,S,S,0,0,0,125,region_V
150,S,T,-0.1178,-0.623,-3.188,125,region_V
150,S,V,-0.2231,,-3.391,125,region_V
150,S,W,0.3262,-0.6247,-3.024,125,region_V
150,S,Y,0.2104,-0.2204,-2.814,125,region_V
151,G,A,0.00712,0.04289,-3.407,126,region_V
151,G,C,-0.6282,-0.6682,-3.348,126,region_V
151,G,D,-0.1657,0.07208,-3.284,126,region_V
151,G,E,0.3193,-0.1012,-3.277,126,region_V
151,G,F,,-0.2778,-3.186,126,region_V
151,G,G,0,0,0,126,region_V
151,G,H,0.01635,-0.913,-3.232,126,region_V
151,G,I,-0.0332,0.09486,-2.938,126,region_V
151,G,K,-0.2236,-0.05301,-3.251,126,region_V
151,G,L,-0.293,-0.7429,-3.019,126,region_V
151,G,M,0.03947,-0.3806,-2.84,126,region_V
151,G,N,-0.04962,,-3.251,126,region_V
151,G,P,-0.1321,,-3.354,126,region_V
151,G,Q,,-0.04653,-3.401,126,region_V
151,G,R,,,-3.378,126,region_V
151,G,S,-0.1308,-0.02502,-3.409,126,region_V
151,G,T,-0.2359,-0.3047,-3.337,126,region_V
151,G,V,-0.2407,-0.2241,-3.319,126,region_V
151,G,W,-0.8559,-0.6193,-3.056,126,region_V
151,G,Y,0.03628,-0.1644,-3.085,126,region_V
152,I,A,0.07837,0.06082,-0.4419,127,region_V
152,I,C,0.7881,0.1267,-1.301,127,region_V
152,I,D,-0.1069,-0.3378,-3.206,127,region_V
152,I,E,-0.01513,-0.3717,-2.559,127,region_V
152,I,G,,,-2.639,127,region_V
152,I,H,0.07802,-0.0337,-1.181,127,region_V
152,I,I,0,0,0,127,region_V
152,I,K,-0.2884,-0.01652,-2.76,127,region_V
152,I,L,0.2537,-0.03537,-0.3992,127,region_V
152,I,M,0.09102,0.2588,-0.1417,127,region_V
152,I,N,0.1286,-0.2163,-2.412,127,region_V
152,I,P,-0.1013,-1.655,-3.367,127,region_V
152,I,Q,0.1498,-0.04684,-1.929,127,region_V
152,I,R,0.09854,0.1864,-2.203,127,region_V
152,I,S,-0.1386,0.3403,-2.585,127,region_V
152,I,T,-0.05196,0.1636,-0.7041,127,region_V
152,I,V,0.02667,-0.3741,-0.7514,127,region_V
152,I,W,0.01569,0.3797,0.2914,127,region_V
152,I,Y,0.06441,0.008783,-0.5493,127,region_V
153,A,A,0,0,0,128,region_V
153,A,C,-0.07317,,-2.981,128,region_V
153,A,D,0.1446,-1.376,-3.04,128,region_V
153,A,E,-0.3935,,-3.412,128,region_V
153,A,F,-0.2853,0.03509,-3.096,128,region_V
153,A,G,-0.236,-0.9306,-2.294,128,region_V
153,A,H,,,-3.333,128,region_V
153,A,I,0.01929,-0.0446,-2.898,128,region_V
153,A,K,-0.1655,-0.4907,-2.959,128,region_V
153,A,L,-0.7117,-0.8865,-3.462,128,region_V
153,A,M,-0.07818,-0.2008,-3.421,128,region_V
153,A,N,-0.2806,-0.6724,-3.005,128,region_V
153,A,P,-0.1169,-0.4844,-3.138,128,region_V
153,A,Q,-0.05599,,-3.018,128,region_V
153,A,R,,,-2.939,128,region_V
153,A,S,0.0185,-0.1881,-0.1286,128,region_V
153,A,T,-0.1404,-0.5107,-0.9969,128,region_V
153,A,V,-0.02225,-0.4794,-2.412,128,region_V
153,A,W,-0.1732,-0.7782,-2.901,128,region_V
153,A,Y,-0.29,-1.129,-2.768,128,region_V
154,V,A,,,-3.165,129,region_V
154,V,C,0.1694,-0.0987,-0.7994,129,region_V
154,V,D,0.02403,-0.9157,-3.255,129,region_V
154,V,E,-0.1211,-0.0908,-3.173,129,region_V
154,V,F,-0.2037,0.02543,-3.357,129,region_V
154,V,G,-0.04524,-0.1938,-3.228,129,region_V
154,V,H,-0.2025,-0.6424,-2.545,129,region_V
154,V,I,0.0638,-0.04555,0.3692,129,region_V
154,V,K,0.05072,-0.4324,-3.182,129,region_V
154,V,L,-0.1709,-0.8602,-1.891,129,region_V
154,V,M,-0.1115,-0.2987,-3.417,129,region_V
154,V,N,0.423,,-2.915,129,region_V
154,V,P,,,-3.051,129,region_V
154,V,Q,-0.194,,-1.384,129,region_V
154,V,R,-0.3452,-0.1515,-3.208,129,region_V
154,V,S,-0.2771,-0.04561,-2.847,129,region_V
154,V,T,-0.01996,-0.1184,-2.235,129,region_V
154,V,V,0,0,0,129,region_V
154,V,W,-0.2143,0.3866,-3.086,129,region_V
154,V,Y,,0.05754,-3.091,129,region_V
155,S,A,-0.1059,0.1594,0.2966,130,region_V
155,S,C,-0.4867,,-2.452,130,region_V
155,S,D,-0.05558,-0.06985,-3.375,130,region_V
155,S,E,,,-2.646,130,region_V
155,S,F,-0.3026,-0.1818,-3.256,130,region_V
155,S,G,0.5563,-0.4392,-1.303,130,region_V
155,S,H,,-0.6513,-3.125,130,region_V
155,S,I,,,-2.886,130,region_V
155,S,K,-0.008908,-0.2207,-1.55,130,region_V
155,S,M,0.2304,0.0289,-1.426,130,region_V
155,S,N,0.06614,0.05393,-2.394,130,region_V
155,S,P,-0.01512,0.1242,-3.303,130,region_V
155,S,R,-0.01846,,-1.304,130,region_V
155,S,S,0,0,0,130,region_V
155,S,T,-0.2848,-0.09524,-1.796,130,region_V
155,S,V,-0.2073,-0.4861,-2.188,130,region_V
155,S,W,,,-2.796,130,region_V
155,S,Y,-0.5922,-0.5823,-3.34,130,region_V
156,K,A,-0.05467,-0.5267,-2.233,131,region_V
156,K,C,0.1154,-0.2809,-2.958,131,region_V
156,K,D,,,-2.649,131,region_V
156,K,E,-0.2085,,-2.131,131,region_V
156,K,F,0.1541,-0.03848,-3.062,131,region_V
156,K,G,-0.07825,0.00192,-2.015,131,region_V
156,K,H,-0.05671,,-0.7883,131,region_V
156,K,I,0.03328,-0.6318,-2.839,131,region_V
156,K,K,0,0,0,131,region_V
156,K,L,-0.5377,-0.6589,-3.087,131,region_V
156,K,M,-0.005746,0.356,-2.41,131,region_V
156,K,N,0.004729,0.2897,-0.6308,131,region_V
156,K,P,0.346,-0.3554,-3.232,131,region_V
156,K,Q,-0.1308,,-0.58,131,region_V
156,K,R,0.02344,0.4673,-0.2195,131,region_V
156,K,S,-0.06271,0.4115,-0.8384,131,region_V
156,K,T,-0.1612,,-1.243,131,region_V
156,K,V,-0.07734,,-3.213,131,region_V
156,K,W,0.08872,-0.8612,-3.079,131,region_V
156,K,Y,0.5128,-0.05638,-2.022,131,region_V
157,V,A,0.07485,0.1356,0.4017,132,region_V
157,V,C,-0.0388,-0.1675,0.7221,132,region_V
157,V,D,0.3,0.1639,-1.478,132,region_V
157,V,E,-0.2058,0.02697,-2.795,132,region_V
157,V,F,,-1.108,-3.41,132,region_V
157,V,G,-0.07062,-0.3167,-1.146,132,region_V
157,V,H,0.3439,-0.9491,-3.46,132,region_V
157,V,I,-0.1382,-0.02473,-2.49,132,region_V
157,V,K,-0.5322,-1.593,-3.463,132,region_V
157,V,L,1.448,0.2977,-3.22,132,region_V
157,V,M,-0.5329,-0.4381,-3.49,132,region_V
157,V,N,0.086,-0.6053,-0.8249,132,region_V
157,V,P,,,-3.375,132,region_V
157,V,Q,-0.6278,-0.2888,-2.671,132,region_V
157,V,R,-0.2055,,-3.509,132,region_V
157,V,S,-0.3249,-0.07891,0.1301,132,region_V
157,V,T,-0.1687,0.1097,-0.4673,132,region_V
157,V,V,0,0,0,132,region_V
157,V,W,-0.3454,,-3.431,132,region_V
157,V,Y,-0.2173,0.2074,-3.427,132,region_V
158,L,L,0,0,0,133,region_V
158,L,M,-0.08045,,-1.649,133,region_V
158,L,P,0.002247,-0.3823,-2.947,133,region_V
159,H,A,0.03724,0.3905,1.263,134,region_V
159,H,C,0.6604,0.3022,-0.3684,134,region_V
159,H,D,-0.445,-0.3761,-1.572,134,region_V
159,H,F,-0.0485,0.02123,0.1135,134,region_V
159,H,G,-0.2034,0.1924,0.0759,134,region_V
159,H,H,0,0,0,134,region_V
159,H,I,-0.3037,0.03302,0.4638,134,region_V
159,H,K,0.003763,,-0.5965,134,region_V
159,H,L,0.2091,0.5529,1.02,134,region_V
159,H,M,0.02207,-0.1417,0.2232,134,region_V
159,H,N,0.08071,0.1156,-0.09614,134,region_V
159,H,P,,,-3.056,134,region_V
159,H,Q,0.4991,0.2445,-0.1939,134,region_V
159,H,R,-0.1099,0.1813,-1.003,134,region_V
159,H,S,0.07911,0.2408,-0.3266,134,region_V
159,H,T,0.1347,-0.2245,0.1633,134,region_V
159,H,V,0.05746,0.4062,0.6761,134,region_V
159,H,W,0.4223,-0.01199,-0.283,134,region_V
159,H,Y,-0.2739,0.03393,0.8222,134,region_V
160,L,A,-0.07482,-0.0627,-0.0705,135,region_V
160,L,C,0.1571,-0.08229,-2.466,135,region_V
160,L,D,-0.1643,-0.3655,-2.61,135,region_V
160,L,E,0.008861,-0.0411,-1.645,135,region_V
160,L,F,-0.1098,-0.0743,-0.8874,135,region_V
160,L,G,-0.1639,-0.5737,-2.293,135,region_V
160,L,H,-0.1327,-0.2102,-1.8,135,region_V
160,L,I,-0.08141,-0.4645,-0.4221,135,region_V
160,L,K,-0.195,-0.1882,-2.126,135,region_V
160,L,L,0,0,0,135,region_V
160,L,M,-0.1625,0.04427,-0.3026,135,region_V
160,L,N,0.2507,-0.01337,-0.6379,135,region_V
160,L,P,0.4078,-0.3627,-3.287,135,region_V
160,L,Q,-0.2124,-0.07561,-0.8539,135,region_V
160,L,R,-0.1093,-0.4382,-2.792,135,region_V
160,L,S,0.09936,-0.424,-1.646,135,region_V
160,L,T,0.1254,-0.2425,-1.106,135,region_V
160,L,V,0.03062,-0.307,0.2091,135,region_V
160,L,W,-0.08204,-0.06316,-1.366,135,region_V
160,L,Y,-0.0181,-0.2187,-0.8427,135,region_V
161,E,A,-0.1225,0.09903,-0.7112,136,region_V
161,E,C,-0.02612,-0.545,-3.122,136,region_V
161,E,D,0.01469,-0.5254,-0.1938,136,region_V
161,E,E,0,0,0,136,region_V
161,E,F,0.1896,-0.9289,-3.048,136,region_V
161,E,G,-0.01126,0.09676,-0.623,136,region_V
161,E,H,0.3145,-0.0151,0.0069,136,region_V
161,E,I,-0.002799,-0.1786,-3.286,136,region_V
161,E,K,0.03825,0.8998,-0.765,136,region_V
161,E,M,-0.3009,-0.8979,-2.865,136,region_V
161,E,N,-0.04021,0.2595,-1.283,136,region_V
161,E,P,0.05368,-0.1064,-1.118,136,region_V
161,E,Q,0.6777,0.4158,-0.2254,136,region_V
161,E,R,0.02014,0.5426,-1.754,136,region_V
161,E,S,0.05804,0.1532,-0.01774,136,region_V
161,E,T,0.1493,-0.05264,-0.8563,136,region_V
161,E,V,0.3024,-0.5623,-2.219,136,region_V
161,E,W,0.1405,-0.3664,-3.25,136,region_V
161,E,Y,,,-1.105,136,region_V
162,G,A,0.08377,0.09696,-0.6248,137,region_V
162,G,C,-0.04272,0.03395,-3.408,137,region_V
162,G,D,-0.0754,-0.8305,-1.337,137,region_V
162,G,E,0.2914,-0.166,-1.66,137,region_V
162,G,F,-0.04728,-0.4167,-2.273,137,region_V
162,G,G,0,0,0,137,region_V
162,G,H,-0.2516,-0.1275,-1.027,137,region_V
162,G,K,-0.03102,0.3329,-1.309,137,region_V
162,G,L,-0.2547,-0.8375,-2.435,137,region_V
162,G,M,0.009597,-0.5895,-1.839,137,region_V
162,G,N,0.02083,0.04915,-0.6965,137,region_V
162,G,P,-0.1659,-0.5019,-2.523,137,region_V
162,G,Q,-0.02969,-0.2968,-1.473,137,region_V
162,G,R,0.2356,0.03909,-1.828,137,region_V
162,G,S,-0.08125,-0.3223,-1.099,137,region_V
162,G,T,0.01195,,-1.728,137,region_V
162,G,V,-0.5149,-0.6184,-2.849,137,region_V
162,G,W,-0.04195,-0.389,-3.316,137,region_V
162,G,Y,-0.03017,-0.5581,-2.196,137,region_V
163,E,A,0.2329,-0.03673,-2.336,138,region_V
163,E,C,-0.1565,-0.4136,-3.268,138,region_V
163,E,D,0.1201,-0.1205,-1.931,138,region_V
163,E,E,0,0,0,138,region_V
163,E,F,0.3104,-0.5122,-2.858,138,region_V
163,E,G,0.03638,-0.4969,-3.157,138,region_V
163,E,H,0.9812,-0.4678,-2.869,138,region_V
163,E,I,-0.1275,,-3.465,138,region_V
163,E,K,0.1237,-0.75,-3.325,138,region_V
163,E,L,0.06608,-0.2063,-3.094,138,region_V
163,E,M,0.03677,-0.8088,-3.428,138,region_V
163,E,N,0.05865,0.5634,-2.814,138,region_V
163,E,P,0.6632,0.1591,-2.993,138,region_V
163,E,Q,0.1877,0.004668,-1.619,138,region_V
163,E,R,0.2576,-0.8838,-3.365,138,region_V
163,E,S,-0.05907,1.314,-0.8406,138,region_V
163,E,T,0.06674,-0.009462,-2.872,138,region_V
163,E,V,0.08758,-0.01561,-3.377,138,region_V
163,E,W,-0.2567,-0.1152,-3.127,138,region_V
163,E,Y,0.2428,0.1244,-3.365,138,region_V
164,V,A,0.04276,-0.5404,0.2883,139,region_V
164,V,C,-0.2713,,-2.396,139,region_V
164,V,D,-0.2364,-0.07457,-3.3,139,region_V
164,V,E,-0.09196,-0.002462,-2.849,139,region_V
164,V,F,0.02542,-0.4695,-3.273,139,region_V
164,V,G,-0.05017,-1.154,-3.021,139,region_V
164,V,H,0.02277,0.0857,-2.407,139,region_V
164,V,I,0.0932,-0.883,-0.6873,139,region_V
164,V,K,-0.3692,-0.05262,-3.191,139,region_V
164,V,L,0.247,-0.02078,-1.542,139,region_V
164,V,M,0.1045,-0.5672,-2.59,139,region_V
164,V,N,0.06047,-0.3472,-3.176,139,region_V
164,V,P,-0.04696,,-3.335,139,region_V
164,V,Q,-0.1542,-0.5339,-3.257,139,region_V
164,V,R,-0.008688,-1.201,-3.247,139,region_V
164,V,S,0.008947,0.1341,-1.499,139,region_V
164,V,T,0.1398,-0.2632,-1.027,139,region_V
164,V,V,0,0,0,139,region_V
164,V,W,-0.05885,0.3179,-3.505,139,region_V
164,V,Y,-0.2587,-0.4698,-2.904,139,region_V
165,N,A,-0.1654,0.219,-0.8036,140,region_V
165,N,C,0.007161,-0.3992,-0.04537,140,region_V
165,N,D,,,-0.1542,140,region_V
165,N,E,0.0757,-0.202,-0.4341,140,region_V
165,N,F,-0.1428,0.3191,-0.9514,140,region_V
165,N,G,0.14,-0.0342,-0.4971,140,region_V
165,N,H,0.1817,0.2162,0.1394,140,region_V
165,N,I,0.08526,,-0.9327,140,region_V
165,N,K,-0.01195,0.1188,-1.463,140,region_V
165,N,L,0.02339,-0.1122,0.2414,140,region_V
165,N,M,-0.2157,-0.0884,-0.0642,140,region_V
165,N,N,0,0,0,140,region_V
165,N,P,-0.08854,,-0.3645,140,region_V
165,N,Q,0.009908,0.07553,0.2109,140,region_V
165,N,R,0.05204,0.01553,-0.3669,140,region_V
165,N,S,-0.1756,-0.05341,-0.1055,140,region_V
165,N,T,-0.05605,-0.121,0.1481,140,region_V
165,N,V,,,-0.5525,140,region_V
165,N,W,-0.05247,-0.5754,-0.3899,140,region_V
165,N,Y,0.1367,-0.08332,0.3125,140,region_V
166,K,C,,-0.6752,-3.063,141,region_V
166,K,D,-0.03106,0.1961,-2.952,141,region_V
166,K,E,-0.0171,-0.02733,-3.267,141,region_V
166,K,F,-0.1286,0.02317,-3.275,141,region_V
166,K,G,1.109,-0.0412,-3.21,141,region_V
166,K,H,0.0305,-0.1004,-0.9002,141,region_V
166,K,I,-0.2394,-0.1781,-2.274,141,region_V
166,K,K,0,0,0,141,region_V
166,K,L,0.03499,-0.2226,-2.182,141,region_V
166,K,M,0.04129,-0.3803,-2.474,141,region_V
166,K,N,-0.3198,-0.3312,-1.041,141,region_V
166,K,P,-0.2155,-0.4903,-2.977,141,region_V
166,K,Q,-0.08664,-0.2638,-1.617,141,region_V
166,K,R,-0.08387,-0.6648,-1.995,141,region_V
166,K,S,-0.1779,-0.8318,-2.258,141,region_V
166,K,T,0.3131,-0.1371,-1.531,141,region_V
166,K,V,-0.1042,-0.1013,-1.857,141,region_V
166,K,W,0.02601,-0.4476,-2.647,141,region_V
166,K,Y,,-0.8427,-3.151,141,region_V
167,I,A,-0.163,-0.5106,-3.144,142,region_V
167,I,C,,,-3.29,142,region_V
167,I,D,,-0.6708,-3.195,142,region_V
167,I,E,0.3345,-0.5442,-3.175,142,region_V
167,I,F,-0.01163,-0.2489,-1.688,142,region_V
167,I,H,-0.06204,,-2.885,142,region_V
167,I,I,0,0,0,142,region_V
167,I,K,-0.2714,-0.7368,-3.112,142,region_V
167,I,L,-0.09924,-0.01952,-0.06865,142,region_V
167,I,M,0.2543,-0.3106,-1.668,142,region_V
167,I,N,-0.09147,-0.1841,-2.473,142,region_V
167,I,P,,,-3.233,142,region_V
167,I,Q,0.1358,-0.3205,-2.819,142,region_V
167,I,R,-0.001717,0.06505,-3.115,142,region_V
167,I,S,0.02214,0.1421,-3.14,142,region_V
167,I,T,-0.000271,0.04512,-3.051,142,region_V
167,I,V,-0.0497,0.1986,-0.3509,142,region_V
167,I,W,0.006495,-1.165,-2.983,142,region_V
167,I,Y,0.02572,-0.1386,-3.252,142,region_V
168,K,A,0.1273,-0.2409,-1.326,143,region_V
168,K,C,0.553,-0.1762,-1.692,143,region_V
168,K,D,0.06222,-0.622,-3.135,143,region_V
168,K,E,0.4993,0.006241,-1.309,143,region_V
168,K,F,0.1087,,-3.328,143,region_V
168,K,G,-0.1897,-0.2163,-2.732,143,region_V
168,K,H,-0.05598,-0.02175,0.0467,143,region_V
168,K,I,0.3305,0.6837,-2.543,143,region_V
168,K,K,0,0,0,143,region_V
168,K,L,0.2092,-0.495,-2.486,143,region_V
168,K,M,-0.1744,-0.4422,-2.054,143,region_V
168,K,N,0.4085,0.1725,-0.9867,143,region_V
168,K,P,-0.1764,,-2.928,143,region_V
168,K,Q,-0.08654,0.1592,-0.9273,143,region_V
168,K,R,0.2085,0.02587,-1.165,143,region_V
168,K,S,0.2716,-0.1334,-0.9276,143,region_V
168,K,T,0.004339,-0.02873,-0.8736,143,region_V
168,K,V,0.04878,-0.158,-1.785,143,region_V
168,K,W,-0.2292,0.1786,-2.977,143,region_V
168,K,Y,-0.01128,0.8004,-2.358,143,region_V
169,S,A,0.01211,0.1955,0.4554,144,region_V
169,S,C,0.03532,-1.203,-3.364,144,region_V
169,S,D,-0.07382,-0.08335,0.5016,144,region_V
169,S,E,-0.01093,-0.3664,0.4998,144,region_V
169,S,F,0.03899,0.4356,0.5724,144,region_V
169,S,G,-0.07192,-0.04535,-0.309,144,region_V
169,S,H,0.06552,0.06003,-0.08356,144,region_V
169,S,I,-0.1699,-0.179,-0.9649,144,region_V
169,S,K,0.08393,-0.0005465,-0.2566,144,region_V
169,S,L,-0.07694,0.1636,-0.02406,144,region_V
169,S,M,-0.2505,0.1765,-0.105,144,region_V
169,S,N,0.05814,-0.07161,-0.04209,144,region_V
169,S,P,-0.4556,0.1285,-2.976,144,region_V
169,S,Q,0.1277,-0.1478,0.2121,144,region_V
169,S,R,0.4968,0.0378,-0.4545,144,region_V
169,S,S,0,0,0,144,region_V
169,S,T,-0.07909,-0.01477,-0.2669,144,region_V
169,S,V,0.01412,0.003539,-0.3196,144,region_V
169,S,W,0.2015,0.01824,-1.26,144,region_V
169,S,Y,0.1049,0.1155,0.0646,144,region_V
170,A,A,0,0,0,145,region_V
170,A,C,-0.2225,-0.1478,-2.271,145,region_V
170,A,D,-0.0734,-0.7145,-3.087,145,region_V
170,A,E,0.2032,-0.8028,-3.002,145,region_V
170,A,F,0.1796,-0.5104,-3.212,145,region_V
170,A,G,-0.158,,-0.6808,145,region_V
170,A,H,0.04843,0.06468,-1.881,145,region_V
170,A,I,-0.2313,-0.1021,-2.852,145,region_V
170,A,K,-0.02348,-0.5324,-2.396,145,region_V
170,A,L,0.3296,-0.7682,-2.898,145,region_V
170,A,M,0.0466,-0.1584,-1.916,145,region_V
170,A,N,0.01116,-0.1688,-2.043,145,region_V
170,A,P,-0.1661,-0.9011,-3.484,145,region_V
170,A,Q,-0.03005,-0.3345,-1.655,145,region_V
170,A,R,-0.1881,-1.335,-1.699,145,region_V
170,A,S,-0.008731,-0.879,-0.41,145,region_V
170,A,T,-0.09193,-0.4511,-2.271,145,region_V
170,A,V,-0.3527,-0.3636,-1.962,145,region_V
170,A,W,-0.2803,,-3.325,145,region_V
170,A,Y,0.1373,-0.6629,-2.962,145,region_V
171,L,A,0.1225,-0.01901,-3.198,146,region_V
171,L,C,0.03395,,-3.118,146,region_V
171,L,D,0.2708,-0.08219,-3.22,146,region_V
171,L,E,,,-2.973,146,region_V
171,L,F,-0.01559,-0.7301,-2.622,146,region_V
171,L,G,0.3711,-0.1469,-3.21,146,region_V
171,L,H,-0.676,0.1589,-2.628,146,region_V
171,L,I,0.08153,0.2118,-0.6825,146,region_V
171,L,K,-0.002561,-0.2359,-3.09,146,region_V
171,L,L,0,0,0,146,region_V
171,L,M,-0.05422,0.02766,-0.5695,146,region_V
171,L,N,0.04145,,-3.276,146,region_V
171,L,P,-0.3385,-0.9633,-2.839,146,region_V
171,L,Q,-0.06146,-0.5518,-1.703,146,region_V
171,L,R,-0.04813,-0.6984,-3.489,146,region_V
171,L,S,-0.1226,,-3.395,146,region_V
171,L,T,0.01827,0.01007,-0.2299,146,region_V
171,L,V,0.06536,0.1117,-0.6674,146,region_V
171,L,W,-0.203,0.06033,-3.104,146,region_V
171,L,Y,-0.1421,-0.742,-3.095,146,region_V
172,L,A,-0.1951,0.06534,0.1956,147,region_V
172,L,C,0.1458,0.1035,-0.9706,147,region_V
172,L,D,0.03223,0.2523,-0.0321,147,region_V
172,L,E,-0.1978,-0.02513,-0.1006,147,region_V
172,L,F,-0.449,-0.1539,-0.188,147,region_V
172,L,G,0.105,-0.1243,-0.2022,147,region_V
172,L,H,-0.04688,-0.002386,0.07567,147,region_V
172,L,I,-0.01903,0.06168,-0.03405,147,region_V
172,L,K,-0.08349,0.06395,-0.02232,147,region_V
172,L,L,0,0,0,147,region_V
172,L,M,-0.0173,0.02103,0.4003,147,region_V
172,L,N,0.004498,-0.4431,-2.305,147,region_V
172,L,P,-0.1415,-0.1063,-3.257,147,region_V
172,L,Q,0.3032,0.01981,-0.6179,147,region_V
172,L,R,-0.03434,-0.04511,-0.615,147,region_V
172,L,S,0.1007,0.05952,0.195,147,region_V
172,L,T,-0.1338,-0.1231,-0.274,147,region_V
172,L,V,0.1076,0.07732,0.7428,147,region_V
172,L,W,-0.3721,,0.2219,147,region_V
172,L,Y,-0.106,-0.02115,-0.5204,147,region_V
173,S,A,0.04527,-0.02447,-0.2348,148,region_V
173,S,C,0.03842,-1.173,-3.5,148,region_V
173,S,D,0.174,0.1522,0.5373,148,region_V
173,S,E,-0.06594,0.3208,-1.035,148,region_V
173,S,F,0.1254,0.1172,-0.5711,148,region_V
173,S,G,0.0726,0.002161,0.1439,148,region_V
173,S,H,0.05808,-0.2161,0.1613,148,region_V
173,S,I,-0.1278,-0.06198,-0.7528,148,region_V
173,S,K,-0.1123,0.2101,-1.019,148,region_V
173,S,L,0.07652,0.08347,-0.3412,148,region_V
173,S,M,0.3771,0.1955,-0.1158,148,region_V
173,S,N,-0.1414,0.2878,0.1898,148,region_V
173,S,P,-0.2596,-0.9485,-1.679,148,region_V
173,S,Q,-0.1497,-0.3468,-0.7103,148,region_V
173,S,R,0.03812,-0.8724,-0.5504,148,region_V
173,S,S,0,0,0,148,region_V
173,S,T,0.2041,-0.008484,0.7156,148,region_V
173,S,V,0.1444,0.2197,-0.1381,148,region_V
173,S,W,-0.1029,-0.01082,-0.6656,148,region_V
173,S,Y,0.1193,0.01898,-0.1591,148,region_V
174,T,A,0.05254,-0.1842,-0.7384,149,region_V
174,T,C,-0.241,-0.02365,-3.357,149,region_V
174,T,D,0.01074,-0.1027,-1.008,149,region_V
174,T,E,0.1794,0.1354,-0.4641,149,region_V
174,T,F,-0.2793,,-2.463,149,region_V
174,T,G,-0.03175,-0.5792,-0.2935,149,region_V
174,T,H,-0.1599,-0.3914,-1.148,149,region_V
174,T,I,-0.2331,-0.1755,-2.83,149,region_V
174,T,K,0.1009,-0.4538,-1.203,149,region_V
174,T,L,-0.09004,0.1837,-3.091,149,region_V
174,T,M,-0.3132,-0.5077,-1.867,149,region_V
174,T,N,0.01536,-0.1603,0.1936,149,region_V
174,T,P,0.5943,-0.1271,-3.191,149,region_V
174,T,Q,0.1657,0.2017,-0.119,149,region_V
174,T,R,-0.0023,0.05,-1.066,149,region_V
174,T,S,-0.1544,0.1039,-0.2553,149,region_V
174,T,T,0,0,0,149,region_V
174,T,V,-0.2277,0.0815,-1.042,149,region_V
174,T,W,-0.03486,0.407,-3.136,149,region_V
174,T,Y,-0.06277,-0.0151,-0.939,149,region_V
175,N,A,-0.05684,-0.6051,-2.178,150,region_V
175,N,C,-0.06887,0.0363,-2.881,150,region_V
175,N,D,-0.09208,-0.05625,-0.3516,150,region_V
175,N,E,-0.07461,,,150,region_V
175,N,F,-0.4184,,-2.551,150,region_V
175,N,H,0.009223,0.2452,-0.4605,150,region_V
175,N,I,0.003837,-0.414,-2.835,150,region_V
175,N,K,-0.00447,-1.105,-1.559,150,region_V
175,N,L,0.04944,-0.4076,-3.038,150,region_V
175,N,M,-0.2072,0.07458,-3.211,150,region_V
175,N,N,0,0,0,150,region_V
175,N,P,-0.113,-0.04982,-2.311,150,region_V
175,N,Q,0.01497,-1.012,-0.454,150,region_V
175,N,R,,,-2.365,150,region_V
175,N,S,0.2015,0.0579,0.3126,150,region_V
175,N,T,0.1044,-0.1487,-0.7656,150,region_V
175,N,V,-0.1397,-0.1074,-3.134,150,region_V
175,N,W,-0.2163,0.013,-3.352,150,region_V
175,N,Y,-0.1044,-0.9066,-3.314,150,region_V
176,K,A,,-0.1248,-1.659,151,region_V
176,K,C,-0.1391,0.2762,-2.495,151,region_V
176,K,D,,,-0.9239,151,region_V
176,K,E,0.01423,-0.3701,-3.248,151,region_V
176,K,F,-0.1838,0.1573,-3.1,151,region_V
176,K,G,-0.3133,0.3552,-3.323,151,region_V
176,K,H,0.2711,-0.1231,-1.909,151,region_V
176,K,I,,,-3.457,151,region_V
176,K,K,0,0,0,151,region_V
176,K,L,0.739,,-3.272,151,region_V
176,K,M,0.5552,-0.3794,-3.443,151,region_V
176,K,N,0.06446,-0.1627,-3.008,151,region_V
176,K,P,,,-3.426,151,region_V
176,K,Q,0.1023,-0.563,-3.322,151,region_V
176,K,R,0.347,-0.1715,-0.8844,151,region_V
176,K,S,-0.002481,-0.8824,-2.269,151,region_V
176,K,T,0.0852,-0.6985,-3.34,151,region_V
176,K,V,0.3602,,-3.479,151,region_V
176,K,W,-0.007318,0.01679,-3.094,151,region_V
176,K,Y,0.02097,-1.061,-3.304,151,region_V
177,A,A,0,0,0,152,region_V
177,A,C,0.1544,-0.6372,-2.394,152,region_V
177,A,D,-0.04994,-0.356,-3.019,152,region_V
177,A,E,0.005592,0.09369,-3.207,152,region_V
177,A,F,-0.4425,-0.866,-3.221,152,region_V
177,A,G,-0.1232,0.06717,-0.4005,152,region_V
177,A,H,-0.08466,-0.9391,-2.673,152,region_V
177,A,I,-0.2386,0.2803,-3.158,152,region_V
177,A,K,0.1722,-0.3547,-3.256,152,region_V
177,A,L,-0.1164,-0.4986,-3.114,152,region_V
177,A,M,,,-2.845,152,region_V
177,A,N,0.03981,-0.2719,0.1014,152,region_V
177,A,P,,-0.4855,-3.233,152,region_V
177,A,Q,,,-2.133,152,region_V
177,A,R,0.163,-0.3636,-2.583,152,region_V
177,A,S,-0.004709,0.0497,-2.221,152,region_V
177,A,T,-0.6918,-1.268,-3.212,152,region_V
177,A,V,-0.1048,0.1702,-2.288,152,region_V
177,A,W,,,-3.212,152,region_V
177,A,Y,-0.1501,-0.8569,-2.952,152,region_V
178,V,A,0.06233,-0.1659,-0.634,153,region_V
178,V,C,0.269,-0.6707,-3.091,153,region_V
178,V,D,-0.2103,-0.184,-2.776,153,region_V
178,V,E,0.1215,-0.742,-3.132,153,region_V
178,V,F,0.03401,-0.3279,-1.717,153,region_V
178,V,G,,,-3.047,153,region_V
178,V,H,-0.3064,-0.09692,-0.07605,153,region_V
178,V,I,-0.03383,-0.06354,-0.3165,153,region_V
178,V,K,-0.4305,-0.2593,-2.019,153,region_V
178,V,L,-0.2452,-0.1716,0.1566,153,region_V
178,V,M,0.1649,-0.03418,0.08813,153,region_V
178,V,N,0.01095,,-3.48,153,region_V
178,V,P,,,-2.829,153,region_V
178,V,Q,-0.04586,0.1368,-0.483,153,region_V
178,V,S,-0.1252,-0.09541,-0.6411,153,region_V
178,V,T,0.04687,0.3788,0.9316,153,region_V
178,V,V,0,0,0,153,region_V
178,V,W,-0.01223,-0.06662,-0.7525,153,region_V
178,V,Y,-0.3463,0.03719,-1.046,153,region_V
179,V,A,-0.06268,-0.7426,-2.889,154,region_V
179,V,C,0.05089,-0.4771,-1.615,154,region_V
179,V,D,-0.09626,-0.1548,-1.936,154,region_V
179,V,E,,-0.04657,-3.309,154,region_V
179,V,F,-0.1916,0.1069,-3.275,154,region_V
179,V,G,0.4323,0.08402,-2.894,154,region_V
179,V,H,,-1.092,-3.256,154,region_V
179,V,I,0.05843,0.237,-0.135,154,region_V
179,V,K,-0.1411,-0.3489,-2.984,154,region_V
179,V,L,-0.09539,-0.197,-1.651,154,region_V
179,V,M,-0.2375,-0.2378,-3.257,154,region_V
179,V,N,-0.1111,-0.07109,-3.038,154,region_V
179,V,P,0.5454,-0.002899,-3.167,154,region_V
179,V,Q,0.0006574,-0.2419,-3.072,154,region_V
179,V,R,-0.3732,-0.3588,-3.133,154,region_V
179,V,S,-0.1362,-0.7786,-3.159,154,region_V
179,V,T,-0.08873,-0.8895,-2.901,154,region_V
179,V,V,0,0,0,154,region_V
179,V,W,-0.1655,-0.7576,-2.916,154,region_V
179,V,Y,0.08442,,-3.308,154,region_V
180,S,A,,,0.0784,155,region_V
180,S,C,-0.1417,,-3.498,155,region_V
180,S,D,-0.07139,-0.2488,-2.05,155,region_V
180,S,E,-0.4262,-0.268,-2.195,155,region_V
180,S,F,-0.08813,-0.7073,-3.397,155,region_V
180,S,G,0.01303,0.09835,-0.9751,155,region_V
180,S,H,-0.3289,-1.233,-3.176,155,region_V
180,S,I,-0.4148,,-3.476,155,region_V
180,S,K,0.0679,-0.1167,-3.434,155,region_V
180,S,L,-0.175,-1.392,-3.268,155,region_V
180,S,M,-0.4149,-0.138,-3.173,155,region_V
180,S,N,-0.2116,0.1895,-1.613,155,region_V
180,S,P,-0.4074,-0.05606,-1.488,155,region_V
180,S,Q,0.4168,0.2444,-0.4546,155,region_V
180,S,R,0.3199,0.9036,-3.455,155,region_V
180,S,S,0,0,0,155,region_V
180,S,T,0.1153,-0.8698,-3.513,155,region_V
180,S,V,,,-3.16,155,region_V
180,S,W,-0.01666,0.07911,-1.639,155,region_V
180,S,Y,0.2874,0.3221,-2.66,155,region_V
181,L,A,0.03096,-0.8102,-3.351,156,region_V
181,L,C,-0.2245,-0.5548,-3.192,156,region_V
181,L,D,0.4414,0.01532,-3.183,156,region_V
181,L,E,-0.2613,0.02,-3.111,156,region_V
181,L,F,-0.1822,-0.2508,-1.608,156,region_V
181,L,G,-0.2189,-0.6961,-3.298,156,region_V
181,L,H,-0.5849,-1.184,-2.92,156,region_V
181,L,I,,,-2.922,156,region_V
181,L,K,-0.02083,-1.358,-2.63,156,region_V
181,L,L,0,0,0,156,region_V
181,L,M,-0.07675,-0.3041,-2.061,156,region_V
181,L,N,-0.5002,-0.5448,-3.385,156,region_V
181,L,P,1.09,0.02681,-3.171,156,region_V
181,L,Q,-0.3322,-0.2892,-3.199,156,region_V
181,L,R,,,-3.449,156,region_V
181,L,S,-0.6215,0.3601,-3.03,156,region_V
181,L,T,-0.02594,0.4506,-3.385,156,region_V
181,L,V,-0.1857,-1.157,-3.06,156,region_V
181,L,W,0.1266,-0.6428,-3.096,156,region_V
181,L,Y,-0.6036,-0.3164,-1.999,156,region_V
182,S,A,-0.3935,0.1867,-0.01545,157,region_V
182,S,C,0.2718,-0.1673,-3.436,157,region_V
182,S,D,0.03346,0.622,-1.246,157,region_V
182,S,E,0.1336,0.674,-0.7435,157,region_V
182,S,F,-0.5095,-0.05759,-3.28,157,region_V
182,S,G,0.0202,,-2.615,157,region_V
182,S,H,0.006404,-0.3628,-1.528,157,region_V
182,S,I,-0.04415,-0.3508,-3.324,157,region_V
182,S,K,-0.129,0.6945,0.829,157,region_V
182,S,L,-0.3283,0.247,-3.037,157,region_V
182,S,M,-0.01784,-0.05958,-2.748,157,region_V
182,S,N,0.02454,-0.2489,0.0062,157,region_V
182,S,P,-0.1297,0.07606,-2.979,157,region_V
182,S,Q,-0.1107,0.3304,-0.6988,157,region_V
182,S,R,0.04114,0.197,-0.3513,157,region_V
182,S,S,0,0,0,157,region_V
182,S,T,0.3416,0.2829,-0.3296,157,region_V
182,S,V,-0.1335,0.1897,-2.807,157,region_V
182,S,W,0.5538,0.01239,-3.122,157,region_V
182,S,Y,-0.02079,-0.1419,-3.187,157,region_V
183,N,A,-0.1283,0.4181,-1.717,158,region_V
183,N,C,-0.0599,,-1.82,158,region_V
183,N,D,0.2486,0.06429,-1.49,158,region_V
183,N,E,-0.03381,-0.01425,-1.913,158,region_V
183,N,F,-0.3499,-0.4759,-2.684,158,region_V
183,N,G,0.03604,-0.4292,-1.753,158,region_V
183,N,H,-0.3551,-0.3996,-2.504,158,region_V
183,N,I,-0.06472,-0.7193,-2.974,158,region_V
183,N,K,0.133,0.3338,-1.867,158,region_V
183,N,L,-0.2813,-0.2437,-2.385,158,region_V
183,N,M,-0.07762,-0.02236,-0.8916,158,region_V
183,N,N,0,0,0,158,region_V
183,N,P,,-0.614,-3.386,158,region_V
183,N,Q,-0.0792,-0.01351,-1.518,158,region_V
183,N,R,-0.0168,0.4156,-1.952,158,region_V
183,N,S,-0.2153,0.09384,-0.2205,158,region_V
183,N,T,0.1824,0.3132,-0.8766,158,region_V
183,N,V,-0.1213,0.03001,-3.079,158,region_V
183,N,W,0.3489,0.2071,-2.154,158,region_V
183,N,Y,,,-1.341,158,region_V
184,G,A,,,-3.458,159,region_V
184,G,C,,0.1247,-3.36,159,region_V
184,G,D,0.07719,0.711,-3.088,159,region_V
184,G,E,0.04867,-0.445,-3.359,159,region_V
184,G,F,-0.05914,-0.4157,-2.745,159,region_V
184,G,G,0,0,0,159,region_V
184,G,H,0.7032,-0.5929,-3.202,159,region_V
184,G,I,0.1791,0.7376,-2.953,159,region_V
184,G,K,,,-2.998,159,region_V
184,G,L,-0.04069,-0.02136,-2.987,159,region_V
184,G,M,-0.2371,-0.1399,-3.154,159,region_V
184,G,N,-0.07678,0.08224,-3.496,159,region_V
184,G,P,-0.163,,-3.186,159,region_V
184,G,Q,-0.04286,0.1515,-3.161,159,region_V
184,G,R,0.06715,-0.5315,-3.248,159,region_V
184,G,S,0.05115,-0.1974,-2.159,159,region_V
184,G,T,0.1047,0.1528,-3.126,159,region_V
184,G,V,-0.3265,-0.5074,-2.984,159,region_V
184,G,W,0.04353,0.7043,-2.479,159,region_V
184,G,Y,-0.2312,,-2.821,159,region_V
185,V,A,-0.02306,-0.7165,-1.706,160,region_V
185,V,C,-0.1006,-0.3934,-1.68,160,region_V
185,V,E,0.04722,0.4086,-0.4069,160,region_V
185,V,F,0.2657,0.2945,-0.04826,160,region_V
185,V,G,0.0371,0.06187,-0.8478,160,region_V
185,V,H,0.01581,0.09216,-1.447,160,region_V
185,V,I,-0.03205,0.02426,0.219,160,region_V
185,V,K,,,-3.18,160,region_V
185,V,L,0.001761,0.007933,-0.4885,160,region_V
185,V,M,-0.2533,-0.006341,-0.1525,160,region_V
185,V,N,-0.1786,,-1.04,160,region_V
185,V,P,-0.07891,-0.6189,-3.212,160,region_V
185,V,Q,0.1453,0.04068,-1.081,160,region_V
185,V,R,0.1888,-0.02542,-1.971,160,region_V
185,V,S,,,-3.013,160,region_V
185,V,T,,-1.697,-3.44,160,region_V
185,V,V,0,0,0,160,region_V
185,V,W,-0.0746,0.1137,-2.433,160,region_V
185,V,Y,0.366,0.7356,-0.1713,160,region_V
186,S,A,-0.02297,0.03072,-1.127,161,region_V
186,S,C,0.6912,0.1911,-3.465,161,region_V
186,S,D,-0.00114,-0.3626,-2.397,161,region_V
186,S,E,-0.3903,-1.151,-3.42,161,region_V
186,S,F,0.02132,-0.3137,-3.486,161,region_V
186,S,G,-0.09645,-0.3259,-1.02,161,region_V
186,S,H,0.02419,,-3.503,161,region_V
186,S,I,0.1021,,-3.389,161,region_V
186,S,K,-0.01772,-0.7594,-3.461,161,region_V
186,S,L,-0.03398,,-3.308,161,region_V
186,S,M,-0.1833,-0.0622,-3.331,161,region_V
186,S,N,,,-3.377,161,region_V
186,S,P,-0.1844,-0.5779,-1.561,161,region_V
186,S,Q,0.4499,0.001196,-3.443,161,region_V
186,S,R,-0.2813,-0.1799,-3.336,161,region_V
186,S,S,0,0,0,161,region_V
186,S,T,0.05554,0.3993,-2.511,161,region_V
186,S,V,0.1743,,-3.322,161,region_V
186,S,W,-0.139,,-3.418,161,region_V
186,S,Y,0.3207,-0.1703,-2.898,161,region_V
187,V,A,-0.2026,-0.4446,-1.063,162,region_V
187,V,C,0.106,-0.02319,-0.637,162,region_V
187,V,D,0.01361,-0.7777,-3.332,162,region_V
187,V,E,-0.3474,0.1119,-2.989,162,region_V
187,V,F,,,-3.166,162,region_V
187,V,G,-0.6135,-0.7851,-3.346,162,region_V
187,V,H,-0.2144,,-3.059,162,region_V
187,V,I,0.0673,-0.1378,-0.7498,162,region_V
187,V,K,-0.2395,,-3.155,162,region_V
187,V,L,-0.2175,0.008637,-1.645,162,region_V
187,V,M,-0.3215,-0.2386,-1.888,162,region_V
187,V,N,-0.1946,-0.1265,-3.202,162,region_V
187,V,P,0.002489,-0.5558,-3.196,162,region_V
187,V,Q,-0.02107,0.1334,-2.681,162,region_V
187,V,R,-0.07543,-0.2726,-2.841,162,region_V
187,V,S,-0.1418,-0.4287,-3.104,162,region_V
187,V,T,0.1109,0.09175,-1.111,162,region_V
187,V,V,0,0,0,162,region_V
187,V,W,-0.08589,-0.5148,-2.496,162,region_V
187,V,Y,0.08131,-0.05659,-2.752,162,region_V
188,L,A,0.09682,-0.2684,-1.6,163,region_V
188,L,C,-0.03823,-0.5801,-1.732,163,region_V
188,L,D,,-0.967,-3.4,163,region_V
188,L,E,-0.2457,-0.9678,-3.081,163,region_V
188,L,F,-0.06894,-0.005351,-0.8214,163,region_V
188,L,G,0.02839,,-3.11,163,region_V
188,L,H,-0.09356,0.003409,-1.121,163,region_V
188,L,I,0.1315,-0.4271,-0.9062,163,region_V
188,L,K,,-0.2451,-3.399,163,region_V
188,L,L,0,0,0,163,region_V
188,L,M,-0.6791,0.1069,0.4533,163,region_V
188,L,N,-0.1568,,-3.411,163,region_V
188,L,P,-0.2108,-0.7159,-2.789,163,region_V
188,L,Q,-0.00268,-0.7257,-1.368,163,region_V
188,L,R,0.05376,-0.995,-2.603,163,region_V
188,L,S,-0.03461,-0.4452,-1.149,163,region_V
188,L,T,0.08863,-0.03984,-0.3905,163,region_V
188,L,V,-0.2803,0.07345,0.1749,163,region_V
188,L,W,-0.2084,0.04422,-1.137,163,region_V
188,L,Y,0.1912,-0.01948,-1.117,163,region_V
189,T,A,0.1839,0.3094,0.07574,164,region_V
189,T,C,-0.09542,-1.226,-2.17,164,region_V
189,T,D,,-0.1538,-2.962,164,region_V
189,T,E,-0.05451,-0.3753,-3.099,164,region_V
189,T,F,0.09339,0.3212,0.2526,164,region_V
189,T,G,-0.1718,0.05223,-1.78,164,region_V
189,T,H,-0.04232,0.9041,-3.413,164,region_V
189,T,I,-0.08369,0.1897,-0.948,164,region_V
189,T,K,-0.3323,-0.6628,-2.777,164,region_V
189,T,L,0.04819,0.002166,-2.646,164,region_V
189,T,M,0.07309,-0.2478,-0.2279,164,region_V
189,T,N,0.1017,-0.5598,-2.858,164,region_V
189,T,P,-0.03503,-0.08034,-3.188,164,region_V
189,T,Q,-0.0476,-0.09799,-2.399,164,region_V
189,T,R,0.349,,-2.99,164,region_V
189,T,S,-0.07174,-0.8164,-1.284,164,region_V
189,T,T,0,0,0,164,region_V
189,T,V,0.1767,0.0946,-1.907,164,region_V
189,T,W,0.1617,0.6866,-3.048,164,region_V
189,T,Y,-0.1345,-0.8006,-3.112,164,region_V
190,S,A,0.006585,0.5111,-1.34,165,region_V
190,S,D,-0.1498,-0.9394,-3.088,165,region_V
190,S,E,0.03196,-0.2008,-0.9446,165,region_V
190,S,F,-0.2848,-0.7256,-3.35,165,region_V
190,S,G,-0.2592,-0.7669,-2.133,165,region_V
190,S,H,-0.009648,0.2381,0.6322,165,region_V
190,S,I,0.05316,-0.2034,-3.513,165,region_V
190,S,K,-0.1135,,-1.11,165,region_V
190,S,L,-0.1552,,-3.481,165,region_V
190,S,M,-0.7306,-0.3665,-3.386,165,region_V
190,S,N,-0.09963,0.1005,-0.03408,165,region_V
190,S,P,-0.1969,-0.6255,-3.152,165,region_V
190,S,Q,0.02976,0.1972,0.3284,165,region_V
190,S,R,0.4079,0.2103,-0.7805,165,region_V
190,S,S,0,0,0,165,region_V
190,S,T,0.3366,0.4379,0.3715,165,region_V
190,S,V,-0.07098,-0.2256,-3.062,165,region_V
190,S,W,0.7127,0.1412,-1.814,165,region_V
190,S,Y,-0.2211,,-3.428,165,region_V
191,K,A,-0.1039,-0.0339,-2.968,166,region_V
191,K,C,-0.2862,-0.09857,-1.486,166,region_V
191,K,D,0.1728,0.2204,-3.016,166,region_V
191,K,E,0.08149,0.01297,-1.988,166,region_V
191,K,F,-0.09472,-0.07202,-2.806,166,region_V
191,K,G,,,-3.024,166,region_V
191,K,I,-0.2003,,-3.172,166,region_V
191,K,K,0,0,0,166,region_V
191,K,L,,,-2.154,166,region_V
191,K,M,0.02053,-0.4025,-1.484,166,region_V
191,K,N,-0.3336,-0.05588,-1.803,166,region_V
191,K,P,0.1189,-0.06505,-2.672,166,region_V
191,K,Q,0.07574,0.1139,-1.107,166,region_V
191,K,R,0.3508,0.156,0.3934,166,region_V
191,K,S,0.3191,-0.06907,-0.6996,166,region_V
191,K,T,0.3083,-0.7388,-1.535,166,region_V
191,K,V,0.1992,-0.03785,-1.898,166,region_V
191,K,W,-0.0299,-0.04588,-3.251,166,region_V
191,K,Y,-0.09145,-0.1295,-3.062,166,region_V
192,V,A,0.6287,-0.1531,-3.135,167,region_V
192,V,C,-0.1684,-0.2383,-3.171,167,region_V
192,V,E,-0.01356,-0.6663,-3.162,167,region_V
192,V,F,-0.1354,-0.425,-3.373,167,region_V
192,V,G,-0.1931,-1.127,-3.316,167,region_V
192,V,H,-0.3555,-0.755,-2.862,167,region_V
192,V,I,-0.1655,0.01724,-0.08225,167,region_V
192,V,K,-0.02546,-0.6986,-2.668,167,region_V
192,V,L,0.03482,-0.2984,-2.521,167,region_V
192,V,M,-0.07053,-0.6886,-3.149,167,region_V
192,V,N,-0.04604,,-3.151,167,region_V
192,V,P,-0.1672,-0.2475,-3.184,167,region_V
192,V,Q,-0.1712,-0.3465,-3.176,167,region_V
192,V,R,-0.5501,-0.09855,-3.018,167,region_V
192,V,S,0.9892,,-3.181,167,region_V
192,V,T,0.05024,,-3.337,167,region_V
192,V,V,0,0,0,167,region_V
192,V,W,0.2521,-0.6,-3.189,167,region_V
192,V,Y,-0.07872,0.3998,-3.132,167,region_V
193,L,A,-0.06977,0.09514,-0.1022,168,region_V
193,L,C,-0.002153,,-0.1341,168,region_V
193,L,D,-0.04597,,1.112,168,region_V
193,L,E,-0.1778,0.1586,0.674,168,region_V
193,L,F,-0.1591,0.0621,-1.006,168,region_V
193,L,G,0.07793,0.05108,0.2921,168,region_V
193,L,H,0.6133,0.7784,1.392,168,region_V
193,L,I,-0.05334,-0.7351,-2.981,168,region_V
193,L,K,-0.3222,-0.5376,-2.867,168,region_V
193,L,L,0,0,0,168,region_V
193,L,M,-0.001423,0.03358,-0.4526,168,region_V
193,L,N,-0.0006799,-0.122,0.1647,168,region_V
193,L,P,-0.1968,-2.468,-1.491,168,region_V
193,L,Q,-0.02322,-0.4038,-0.6078,168,region_V
193,L,R,-0.3962,,-3.071,168,region_V
193,L,S,-0.007635,0.1894,0.7883,168,region_V
193,L,T,0.0858,0.1218,-0.5754,168,region_V
193,L,V,,,-1.177,168,region_V
193,L,W,0.4911,0.1615,0.2571,168,region_V
193,L,Y,0.04339,0.5281,-0.3702,168,region_V
194,D,A,,,-3.337,169,region_V
194,D,C,,-0.2745,-3.104,169,region_V
194,D,D,0,0,0,169,region_V
194,D,E,-0.4553,0.392,-3.141,169,region_V
194,D,F,0.2815,-0.4062,-3.412,169,region_V
194,D,G,-0.2538,-0.4436,-3.46,169,region_V
194,D,H,0.004601,-0.5935,-3.17,169,region_V
194,D,I,,,-3.206,169,region_V
194,D,K,0.1598,-1.091,-3.266,169,region_V
194,D,L,,,-3.321,169,region_V
194,D,M,-0.1651,-0.7665,-3.398,169,region_V
194,D,N,-0.1256,-0.1758,-1.368,169,region_V
194,D,P,-0.05452,0.08147,-3.247,169,region_V
194,D,Q,-0.102,-0.4537,-3.056,169,region_V
194,D,R,0.04224,-0.1559,-3.22,169,region_V
194,D,S,-0.03773,-0.6466,-1.765,169,region_V
194,D,T,-0.2531,-0.793,-3.174,169,region_V
194,D,V,,,-0.7619,169,region_V
194,D,W,0.1524,0.1699,-3.157,169,region_V
194,D,Y,0.04287,-0.7715,-3.315,169,region_V
195,L,A,-0.263,-0.4314,-3.205,170,region_0
195,L,C,0.2092,0.007665,-2.368,170,region_0
195,L,D,0.03113,0.4378,-2.849,170,region_0
195,L,E,-0.06984,0.04776,-3.069,170,region_0
195,L,F,,,-3.447,170,region_0
195,L,G,-0.1146,-0.07798,-1.567,170,region_0
195,L,H,-0.1343,,-2.902,170,region_0
195,L,I,-0.1976,0.2872,-0.5179,170,region_0
195,L,K,-0.2063,-0.5147,-2.862,170,region_0
195,L,L,0,0,0,170,region_0
195,L,M,-0.06887,-0.1913,-0.9537,170,region_0
195,L,N,-0.3077,-0.471,-3.075,170,region_0
195,L,P,0.07138,-0.06038,-2.96,170,region_0
195,L,Q,-0.2144,-0.9626,-3.123,170,region_0
195,L,R,0.004734,-0.1653,-2.515,170,region_0
195,L,S,-0.01538,-0.5032,-2.974,170,region_0
195,L,T,,-0.5544,-3.347,170,region_0
195,L,V,0.08013,,-3.269,170,region_0
195,L,W,0.004792,-0.7888,-3.385,170,region_0
195,L,Y,-0.06536,-0.892,-2.954,170,region_0
196,K,A,0.07079,-0.0552,-1.2,171,region_0
196,K,D,-0.07067,,-3.297,171,region_0
196,K,E,0.08526,0.07098,-3.45,171,region_0
196,K,F,-0.2388,-1.176,-3.242,171,region_0
196,K,G,-0.1421,0.3068,-0.3896,171,region_0
196,K,H,-0.005838,,-1.712,171,region_0
196,K,I,-0.02751,-0.04263,-3.141,171,region_0
196,K,K,0,0,0,171,region_0
196,K,L,-0.1439,-0.4821,-2.99,171,region_0
196,K,M,0.04922,-0.1287,-3.178,171,region_0
196,K,N,-0.2626,-1.161,-3.483,171,region_0
196,K,P,-0.1417,-0.03374,-3.144,171,region_0
196,K,Q,-0.00635,-0.2199,-2.428,171,region_0
196,K,R,-0.05599,0.09795,-0.7469,171,region_0
196,K,S,-0.1251,-0.2766,-3.453,171,region_0
196,K,T,-0.05796,-0.3061,-3.21,171,region_0
196,K,V,-0.06631,-0.5309,-2.868,171,region_0
196,K,W,-0.4067,-0.583,-2.788,171,region_0
196,K,Y,-0.0974,-0.841,-3.212,171,region_0
197,N,A,-0.07427,0.07956,-0.2728,172,region_0
197,N,C,-0.06468,-0.01112,-0.4862,172,region_0
197,N,D,-0.01268,0.06456,0.4565,172,region_0
197,N,E,0.1953,0.05165,0.3033,172,region_0
197,N,F,-0.1108,-0.2879,-1.103,172,region_0
197,N,G,0.1652,0.01716,0.1097,172,region_0
197,N,H,-0.01805,0.1881,-0.4743,172,region_0
197,N,I,0.1643,0.1859,-0.5606,172,region_0
197,N,K,-0.1532,0.16,-0.9982,172,region_0
197,N,L,-0.2668,-0.07193,-1.338,172,region_0
197,N,M,-0.07293,-0.09767,-0.1778,172,region_0
197,N,N,0,0,0,172,region_0
197,N,P,-0.5503,-1.896,-3.223,172,region_0
197,N,Q,-0.3702,0.0299,-0.6784,172,region_0
197,N,R,-0.03777,-0.1285,-0.8646,172,region_0
197,N,S,0.1462,0.2666,0.373,172,region_0
197,N,T,-0.1743,0.06962,0.2862,172,region_0
197,N,V,-0.3406,-0.3182,-1.599,172,region_0
197,N,W,0.4023,0.3527,0.09664,172,region_0
197,N,Y,-0.2469,-0.3365,-0.8415,172,region_0
198,Y,A,-0.01582,-0.6984,-3.218,173,region_0
198,Y,C,-0.4488,,-3.437,173,region_0
198,Y,D,0.7988,-0.3718,-3.375,173,region_0
198,Y,E,-0.05182,-1.341,-3.356,173,region_0
198,Y,F,0.843,-0.2146,-1.101,173,region_0
198,Y,G,0.02608,,-3.527,173,region_0
198,Y,H,-0.2705,-0.08721,-3.542,173,region_0
198,Y,I,-0.0543,,-3.242,173,region_0
198,Y,K,0.6659,-0.2406,-3.178,173,region_0
198,Y,L,-0.001271,-0.3603,-3.43,173,region_0
198,Y,M,-0.1582,-0.5484,-3.486,173,region_0
198,Y,N,-0.4916,-1.281,-3.522,173,region_0
198,Y,P,-0.1033,,-3.47,173,region_0
198,Y,Q,0.675,0.007259,-3.491,173,region_0
198,Y,R,-0.5443,0.2937,-3.426,173,region_0
198,Y,S,-0.03281,-1.166,-3.491,173,region_0
198,Y,T,-0.1935,-1.128,-3.362,173,region_0
198,Y,V,0.05256,-0.1875,-3.378,173,region_0
198,Y,W,0.0933,-0.142,-1.395,173,region_0
198,Y,Y,0,0,0,173,region_0
199,I,A,-0.09824,,-3.127,174,region_0
199,I,C,-0.01627,-0.3314,-3.08,174,region_0
199,I,D,-0.2497,,-3.409,174,region_0
199,I,E,-0.2315,0.2396,-3.106,174,region_0
199,I,F,-0.002451,0.1532,-0.189,174,region_0
199,I,G,-0.1814,-0.3614,-3.436,174,region_0
199,I,H,-0.1646,,-3.329,174,region_0
199,I,I,0,0,0,174,region_0
199,I,K,,-0.5411,-3.436,174,region_0
199,I,L,-0.004215,0.06313,0.5091,174,region_0
199,I,M,-0.0887,-0.2141,-0.3269,174,region_0
199,I,N,-0.1744,-0.7273,-3.279,174,region_0
199,I,P,-0.03879,-0.3735,-3.511,174,region_0
199,I,Q,,,-3.059,174,region_0
199,I,R,0.7276,-1.047,-3.321,174,region_0
199,I,S,0.03535,0.08717,-3.271,174,region_0
199,I,T,-0.3669,-0.7651,-3.269,174,region_0
199,I,V,-0.2422,0.08159,-3.169,174,region_0
199,I,W,-0.1546,-0.3654,-3.297,174,region_0
199,I,Y,0.1451,-0.301,-3.15,174,region_0
200,D,A,-0.3549,-0.7718,-2.488,175,region_0
200,D,C,0.5338,-0.9934,-3.38,175,region_0
200,D,D,0,0,0,175,region_0
200,D,E,0.2661,-0.2186,-0.2202,175,region_0
200,D,F,0.07634,-0.2893,-3.173,175,region_0
200,D,G,0.1911,-0.869,-3.239,175,region_0
200,D,H,0.1252,-0.586,-2.173,175,region_0
200,D,I,-0.1911,-0.8304,-2.03,175,region_0
200,D,K,0.3512,-0.71,-2.985,175,region_0
200,D,L,-0.1291,-0.3886,-2.692,175,region_0
200,D,M,-0.3075,-0.3319,-2.359,175,region_0
200,D,N,-0.04144,-0.01606,-0.4042,175,region_0
200,D,P,-0.2309,-0.3036,-3.465,175,region_0
200,D,Q,-0.4085,-0.2176,-1.044,175,region_0
200,D,R,-0.2061,-0.668,-3.022,175,region_0
200,D,S,-0.2318,0.1244,-1.726,175,region_0
200,D,T,-0.4036,-0.02183,-1.606,175,region_0
200,D,V,0.05463,-0.06112,-1.731,175,region_0
200,D,W,-0.0002161,,-3.314,175,region_0
200,D,Y,-0.2327,-0.3988,-3.29,175,region_0
201,K,A,0.08603,-0.09579,-0.2123,176,region_0
201,K,C,0.2852,-0.007739,-1.22,176,region_0
201,K,D,0.01362,-0.02759,-0.4717,176,region_0
201,K,E,-0.1118,-0.06324,0.1518,176,region_0
201,K,F,0.06733,0.2071,0.2013,176,region_0
201,K,G,-0.09615,-0.1361,-0.6273,176,region_0
201,K,H,0.1013,-0.02431,-0.06368,176,region_0
201,K,I,-0.1928,0.03724,-0.6732,176,region_0
201,K,K,0,0,0,176,region_0
201,K,L,-0.05331,0.04404,0.1391,176,region_0
201,K,M,0.05665,0.04681,0.4418,176,region_0
201,K,N,-0.05855,-0.06175,0.3735,176,region_0
201,K,P,0.2785,0.2875,-3.204,176,region_0
201,K,Q,-0.03653,-0.005062,-0.4945,176,region_0
201,K,R,-0.2778,-0.1765,-0.2814,176,region_0
201,K,S,0.005279,-0.1347,-0.0958,176,region_0
201,K,T,0.02253,0.3503,0.2671,176,region_0
201,K,V,-0.1839,-0.2427,-1.202,176,region_0
201,K,W,0.02939,-0.1001,-0.5414,176,region_0
201,K,Y,-0.01909,-0.01334,-0.2393,176,region_0
202,Q,A,-0.2319,-0.1308,-0.5584,177,region_0
202,Q,C,0.2714,0.2537,-0.7359,177,region_0
202,Q,D,-0.06201,-1.069,-0.204,177,region_0
202,Q,E,-0.3245,0.02932,0.83,177,region_0
202,Q,F,,0.5444,-1.696,177,region_0
202,Q,G,0.1344,-0.6062,-2.55,177,region_0
202,Q,H,-0.1408,-0.0295,-0.3091,177,region_0
202,Q,I,-0.007824,-0.2508,-1.907,177,region_0
202,Q,K,-0.01504,-0.1828,-0.2306,177,region_0
202,Q,L,0.06317,0.2222,-2.449,177,region_0
202,Q,M,-0.3144,-0.1366,-1.523,177,region_0
202,Q,N,-0.01422,-0.004953,0.2249,177,region_0
202,Q,P,0.05158,-0.3325,-3.265,177,region_0
202,Q,Q,0,0,0,177,region_0
202,Q,R,-0.06054,-0.2091,-0.4059,177,region_0
202,Q,S,-0.06066,-0.05963,-0.2694,177,region_0
202,Q,T,0.04792,0.01618,0.5963,177,region_0
202,Q,V,0.1453,0.1809,-0.575,177,region_0
202,Q,W,-0.05205,0.658,-1.214,177,region_0
202,Q,Y,0.06225,0.261,-0.9939,177,region_0
203,L,A,0.0278,-0.1229,-3.428,178,region_0
203,L,C,0.9498,-0.1718,-3.308,178,region_0
203,L,D,,,-3.122,178,region_0
203,L,E,-0.07115,-0.7177,-3.143,178,region_0
203,L,F,-0.2613,-1.16,-2.68,178,region_0
203,L,G,0.3107,-0.5842,-3.202,178,region_0
203,L,H,-0.0209,0.1215,-3.446,178,region_0
203,L,I,0.361,0.4076,-0.2903,178,region_0
203,L,K,-0.2645,0.1188,-3.024,178,region_0
203,L,L,0,0,0,178,region_0
203,L,M,-0.008005,,-3.431,178,region_0
203,L,N,-0.2747,-0.7423,-3.408,178,region_0
203,L,P,0.123,-0.422,-3.38,178,region_0
203,L,Q,0.0414,-0.2092,-3.253,178,region_0
203,L,R,,,-3.369,178,region_0
203,L,S,0.05066,-0.6276,-3.264,178,region_0
203,L,T,-0.09713,0.8336,-3.277,178,region_0
203,L,V,0.07749,-0.07492,0.6853,178,region_0
203,L,W,-0.008318,-0.1995,-3.251,178,region_0
203,L,Y,0.3663,-1.07,-3.415,178,region_0
204,L,A,-0.2997,-0.03371,-0.2248,179,region_0
204,L,C,-0.172,-0.7981,-3.394,179,region_0
204,L,D,,-0.3829,-1.889,179,region_0
204,L,E,0.1309,-0.4445,-2.24,179,region_0
204,L,F,-0.4915,-0.1804,-0.6175,179,region_0
204,L,G,-0.0629,-0.1835,-1.716,179,region_0
204,L,H,-0.2292,-0.331,-2.171,179,region_0
204,L,I,-0.2112,-0.1296,-0.2741,179,region_0
204,L,K,-0.1952,-0.0844,-0.7594,179,region_0
204,L,L,0,0,0,179,region_0
204,L,M,-0.05121,0.05289,-1.201,179,region_0
204,L,N,-0.3762,-0.3999,-2.329,179,region_0
204,L,P,-0.2045,-0.9971,-3.38,179,region_0
204,L,Q,-0.4642,-0.04741,-1.829,179,region_0
204,L,R,0.2054,-0.08441,-0.6323,179,region_0
204,L,S,0.2091,-0.6195,-0.7032,179,region_0
204,L,T,-0.1119,-0.1257,-1.598,179,region_0
204,L,V,-0.2608,-0.5628,-0.6603,179,region_0
204,L,W,-0.02312,-0.5494,-0.1622,179,region_0
204,L,Y,-0.1556,-0.3913,-0.8286,179,region_0
205,P,A,-0.1115,-0.2194,-2.156,180,region_0
205,P,C,-0.1758,-0.4758,-3.288,180,region_0
205,P,D,-0.1676,-0.1327,-0.8145,180,region_0
205,P,E,-0.3864,-1.216,-0.5757,180,region_0
205,P,F,0.04747,-0.4877,-2.219,180,region_0
205,P,G,0.02819,-0.08203,-0.888,180,region_0
205,P,H,-0.1173,-0.1754,-2.256,180,region_0
205,P,I,0.3687,0.1965,-2.139,180,region_0
205,P,K,-0.2938,-0.3318,-1.371,180,region_0
205,P,L,-0.07738,0.1141,-2.357,180,region_0
205,P,M,-0.2529,-0.5096,-2.807,180,region_0
205,P,N,-0.1737,-0.2718,-1.84,180,region_0
205,P,P,0,0,0,180,region_0
205,P,Q,-0.7147,-0.3291,-2.167,180,region_0
205,P,R,0.01276,-0.2914,-1.104,180,region_0
205,P,S,-0.3841,-0.1388,-1.723,180,region_0
205,P,T,-0.05325,-0.2465,-1.139,180,region_0
205,P,V,-0.02893,0.07865,-2.221,180,region_0
205,P,W,-0.1087,-0.1602,-2.442,180,region_0
205,P,Y,0.03712,-0.1848,-1.823,180,region_0
206,I,A,-0.1036,0.08296,-0.3539,181,region_0
206,I,C,0.4102,-0.8391,-3.445,181,region_0
206,I,D,-0.2222,0.04483,-0.3665,181,region_0
206,I,E,0.02628,0.2151,-0.2032,181,region_0
206,I,F,0.1175,0.03886,-1.163,181,region_0
206,I,G,-0.1892,-0.4813,-1.881,181,region_0
206,I,H,0.03181,0.02764,0.0444,181,region_0
206,I,I,0,0,0,181,region_0
206,I,K,0.1558,0.2039,0.8393,181,region_0
206,I,L,0.04787,0.2762,0.1654,181,region_0
206,I,M,0.2672,-0.3378,-0.2636,181,region_0
206,I,N,-0.2355,-0.06213,-0.639,181,region_0
206,I,P,-0.2163,-0.2733,-2.09,181,region_0
206,I,Q,0.03661,0.5842,-0.4182,181,region_0
206,I,R,-0.1114,-0.1909,0.3048,181,region_0
206,I,S,-0.08704,-0.04902,-0.5174,181,region_0
206,I,T,-0.04173,0.07647,-0.4173,181,region_0
206,I,V,0.05605,0.08796,-0.5128,181,region_0
206,I,W,0.1167,-0.1311,-1.184,181,region_0
206,I,Y,0.09968,-0.1089,-0.6658,181,region_0
207,V,A,-0.4161,-0.5637,-1.752,182,region_0
207,V,C,-0.2387,,-3.284,182,region_0
207,V,D,-0.09516,0.1334,-1.812,182,region_0
207,V,E,-0.3617,-0.3841,-1.593,182,region_0
207,V,F,0.7189,0.2005,-0.2638,182,region_0
207,V,G,-0.2929,0.2415,-1.463,182,region_0
207,V,H,0.09349,-0.68,-1.788,182,region_0
207,V,I,0.08523,-0.8794,-0.9426,182,region_0
207,V,K,-0.2056,-0.3775,-1.826,182,region_0
207,V,L,0.1193,0.04441,-0.9001,182,region_0
207,V,M,0.3607,0.1067,-0.293,182,region_0
207,V,N,-0.02914,-0.3035,-1.302,182,region_0
207,V,P,0.04132,-0.7858,-3.384,182,region_0
207,V,Q,-0.01415,0.0357,-1.192,182,region_0
207,V,R,-0.524,-0.05157,-1.629,182,region_0
207,V,S,-0.2415,-0.03094,-0.8118,182,region_0
207,V,T,-0.005866,-0.4574,-0.9782,182,region_0
207,V,V,0,0,0,182,region_0
207,V,W,0.4355,0.02956,-0.6878,182,region_0
207,V,Y,0.04191,-0.05038,-1.74,182,region_0
208,N,A,0.2915,-0.02524,-0.2494,183,region_0
208,N,C,-0.4889,-0.8801,-3.344,183,region_0
208,N,D,-0.0918,-0.1356,0.1864,183,region_0
208,N,E,-0.1971,-0.005141,-0.05174,183,region_0
208,N,F,-0.265,-0.129,-1.042,183,region_0
208,N,G,-0.05628,0.07162,-0.3816,183,region_0
208,N,H,-0.1314,-0.368,-0.9075,183,region_0
208,N,I,0.02961,-0.0818,-1.172,183,region_0
208,N,K,-0.04452,0.2424,-0.7799,183,region_0
208,N,L,0.189,-0.0999,-0.3462,183,region_0
208,N,M,-0.05126,0.2993,0.1935,183,region_0
208,N,N,0,0,0,183,region_0
208,N,P,-0.05875,-1.173,-2.767,183,region_0
208,N,Q,0.02388,,0.6765,183,region_0
208,N,R,-0.1074,-0.1313,-0.8184,183,region_0
208,N,S,0.153,0.1165,0.2236,183,region_0
208,N,T,0.001201,0.002223,0.1117,183,region_0
208,N,V,0.1223,0.06945,0.1659,183,region_0
208,N,W,0.1343,-0.2031,-1.052,183,region_0
208,N,Y,0.2234,0.06103,-0.9181,183,region_0
209,K,A,-0.4538,0.3606,0.3423,184,region_0
209,K,C,,,-3.065,184,region_0
209,K,D,-0.2364,0.1176,-0.0674,184,region_0
209,K,E,-0.09841,-0.1906,0.3219,184,region_0
209,K,F,-0.2747,-0.2615,-2.691,184,region_0
209,K,G,0.009984,0.01382,-0.05923,184,region_0
209,K,I,-0.166,-0.1344,-0.06885,184,region_0
209,K,K,0,0,0,184,region_0
209,K,L,-0.1342,-0.3607,-0.8468,184,region_0
209,K,M,0.1648,0.05413,-0.09224,184,region_0
209,K,N,-0.4608,0.1969,1.268,184,region_0
209,K,P,-0.4685,-0.4164,-1.49,184,region_0
209,K,Q,-0.03941,-0.1447,0.5707,184,region_0
209,K,R,-0.1983,-0.009242,0.2718,184,region_0
209,K,S,-0.09836,-0.01415,0.3604,184,region_0
209,K,T,-0.1911,-0.1244,0.2182,184,region_0
209,K,W,-0.2057,-0.6003,-0.7135,184,region_0
209,K,Y,-0.2995,-0.2563,-1.885,184,region_0
210,Q,A,0.2498,-0.114,0.2063,185,region_0
210,Q,C,-0.2596,-0.899,-3.394,185,region_0
210,Q,D,-0.6058,-0.003947,-0.3654,185,region_0
210,Q,E,0.03504,-0.06742,0.4173,185,region_0
210,Q,F,-0.2446,-0.28,-1.587,185,region_0
210,Q,G,0.1127,-0.07461,-0.3013,185,region_0
210,Q,H,-0.4678,-0.2387,-0.5692,185,region_0
210,Q,I,-0.1654,-0.1387,-0.3698,185,region_0
210,Q,K,0.294,0.08762,-1.113,185,region_0
210,Q,L,0.1558,0.2806,-0.7913,185,region_0
210,Q,M,-0.0215,-0.3849,-0.4885,185,region_0
210,Q,N,0.08737,0.06131,0.565,185,region_0
210,Q,P,-0.01478,0.1305,-2.587,185,region_0
210,Q,Q,0,0,0,185,region_0
210,Q,R,0.3066,-0.1317,-2.288,185,region_0
210,Q,S,0.05782,0.1008,0.6568,185,region_0
210,Q,T,-0.01408,0.05213,0.4158,185,region_0
210,Q,V,0.04961,-0.03667,-0.3342,185,region_0
210,Q,W,-0.11,-0.5519,-1.968,185,region_0
210,Q,Y,-0.645,-0.1671,-1.08,185,region_0
211,S,A,0.1643,0.01219,0.01468,186,region_0
211,S,C,-0.06333,-0.3884,-2.044,186,region_0
211,S,D,-0.281,0.02449,0.6316,186,region_0
211,S,E,-0.1661,0.004624,0.7072,186,region_0
211,S,F,-0.1225,-0.3016,-0.6784,186,region_0
211,S,G,0.1065,0.1826,-0.1457,186,region_0
211,S,H,-0.09687,-0.04072,-0.5841,186,region_0
211,S,I,-0.02653,-0.2392,-0.7714,186,region_0
211,S,K,-0.3719,0.2557,-0.5858,186,region_0
211,S,L,0.277,-0.6065,-1.194,186,region_0
211,S,M,0.09494,-0.1005,-0.8588,186,region_0
211,S,N,0.07055,-0.07472,-0.235,186,region_0
211,S,P,-0.2282,-0.3768,-3.244,186,region_0
211,S,Q,-0.1478,-0.5233,-0.3473,186,region_0
211,S,R,0.1125,0.1062,-0.1936,186,region_0
211,S,S,0,0,0,186,region_0
211,S,T,-0.04414,0.02914,0.5231,186,region_0
211,S,V,0.1671,-0.02274,-0.2401,186,region_0
211,S,W,-0.1093,-0.1958,-1.095,186,region_0
211,S,Y,0.7027,0.3243,-2.423,186,region_0
212,C,A,-0.3631,-0.09272,-2.62,187,region_0
212,C,C,0,0,0,187,region_0
212,C,D,-0.02314,-0.05916,-2.893,187,region_0
212,C,E,-0.1846,-0.5688,-2.507,187,region_0
212,C,F,-0.4505,-0.8752,-3.253,187,region_0
212,C,G,-0.08116,0.225,-2.719,187,region_0
212,C,H,0.144,,-3.345,187,region_0
212,C,I,-0.1028,-0.9456,-3.159,187,region_0
212,C,K,-0.5551,-0.5507,-3.207,187,region_0
212,C,L,0.04853,-0.5641,-3.444,187,region_0
212,C,M,-0.06979,-0.3617,-3.07,187,region_0
212,C,N,-0.03355,-0.6608,-3.171,187,region_0
212,C,P,-0.07391,-1.095,-2.959,187,region_0
212,C,Q,-0.02498,-0.3742,-3.45,187,region_0
212,C,R,0.01943,-0.3015,-3.255,187,region_0
212,C,S,0.06764,0.2733,-2.468,187,region_0
212,C,T,-0.5044,-1.236,-3.18,187,region_0
212,C,V,0.006777,-0.5008,-3.296,187,region_0
212,C,W,0.3471,-0.8276,-3.134,187,region_0
212,C,Y,-0.2994,-0.3403,-3.068,187,region_0
213,R,A,-0.04959,0.1293,0.3509,188,region_0
213,R,C,,-0.04407,-3.19,188,region_0
213,R,D,-0.1463,-0.3484,0.497,188,region_0
213,R,E,-0.01903,0.06205,1.103,188,region_0
213,R,F,-0.2407,0.1721,0.03415,188,region_0
213,R,G,-0.1279,0.1252,-0.3958,188,region_0
213,R,H,0.03224,-0.3343,-0.8105,188,region_0
213,R,I,-0.3275,0.2444,0.4654,188,region_0
213,R,K,0.3374,0.1279,-0.5186,188,region_0
213,R,L,-0.06012,0.03293,0.5467,188,region_0
213,R,M,-0.17,0.1994,0.21,188,region_0
213,R,N,0.6545,1.609,-3.452,188,region_0
213,R,P,,0.2265,-3.064,188,region_0
213,R,Q,-0.244,0.1566,0.2644,188,region_0
213,R,R,0,0,0,188,region_0
213,R,S,-0.002734,0.1516,-1.088,188,region_0
213,R,T,0.2169,0.3306,-0.1133,188,region_0
213,R,V,0.1735,0.2494,0.1616,188,region_0
213,R,Y,0.02699,0.09256,-0.449,188,region_0
214,I,A,-0.07567,-0.04045,-3.154,189,region_0
214,I,C,,,-3.423,189,region_0
214,I,D,,,-3.438,189,region_0
214,I,F,0.701,0.4186,-1.347,189,region_0
214,I,G,,,-3.247,189,region_0
214,I,H,,,-3.121,189,region_0
214,I,I,0,0,0,189,region_0
214,I,K,0.05765,-0.9013,-2.902,189,region_0
214,I,L,-0.1111,0.1442,-0.4087,189,region_0
214,I,M,0.1047,0.01871,-0.2605,189,region_0
214,I,N,-0.409,,-3.325,189,region_0
214,I,P,,,-3.422,189,region_0
214,I,Q,-0.07102,,-2.729,189,region_0
214,I,S,0.08189,0.02081,-3.265,189,region_0
214,I,T,-0.06521,0.2869,-1.446,189,region_0
214,I,V,0.001673,0.1066,-0.07054,189,region_0
214,I,W,,,-3.398,189,region_0
214,I,Y,0.04137,0.04514,-2.801,189,region_0
215,S,A,0.07937,0.07052,0.05403,190,region_0
215,S,C,,,-2.746,190,region_0
215,S,D,-0.03579,0.1097,0.8466,190,region_0
215,S,E,-0.002302,0.2121,0.6183,190,region_0
215,S,F,1.143,0.1828,-1.517,190,region_0
215,S,G,-0.1753,0.2599,-0.2043,190,region_0
215,S,H,,,0.02995,190,region_0
215,S,I,-0.1478,-0.1115,-1.684,190,region_0
215,S,K,-0.05785,-0.06401,0.3476,190,region_0
215,S,L,0.2246,0.1234,-1.113,190,region_0
215,S,M,0.3837,0.1013,-0.8873,190,region_0
215,S,N,0.02909,0.239,-0.3463,190,region_0
215,S,P,,,-3.387,190,region_0
215,S,Q,-0.04707,,0.5398,190,region_0
215,S,R,0.2776,-0.3147,-0.4709,190,region_0
215,S,S,0,0,0,190,region_0
215,S,T,0.409,0.3229,0.2809,190,region_0
215,S,V,0.2779,0.06641,-1.643,190,region_0
215,S,W,-0.0388,-0.1584,-1.034,190,region_0
215,S,Y,,,-1.502,190,region_0
216,N,A,0.04771,-0.1795,-0.9116,191,region_0
216,N,C,0.4185,-0.1922,-2.504,191,region_0
216,N,D,-0.1419,-0.2171,-0.1528,191,region_0
216,N,E,-0.2503,-0.2553,-0.6658,191,region_0
216,N,F,-0.06742,-0.749,-0.8117,191,region_0
216,N,G,0.01313,-0.4014,-0.4288,191,region_0
216,N,H,-0.33,0.04261,0.1236,191,region_0
216,N,I,1.019,-0.3148,-3.221,191,region_0
216,N,K,0.05808,0.1409,0.7212,191,region_0
216,N,L,0.1202,-0.04727,-1.368,191,region_0
216,N,M,0.1851,-0.2923,-0.8971,191,region_0
216,N,N,0,0,0,191,region_0
216,N,P,-0.002773,-1.14,-3.451,191,region_0
216,N,Q,0.05567,-0.1697,0.2961,191,region_0
216,N,R,0.2454,0.1274,-0.309,191,region_0
216,N,S,-0.372,-0.07754,-0.4294,191,region_0
216,N,T,0.03787,0.06188,-1.329,191,region_0
216,N,V,-0.1171,-0.6198,-3.308,191,region_0
216,N,W,-0.05139,0.0455,-3.439,191,region_0
216,N,Y,-0.07663,-0.8128,-1.522,191,region_0
217,I,A,-0.239,-0.06428,-3.292,192,region_0
217,I,C,-0.04038,-0.7967,-3.064,192,region_0
217,I,D,-0.07053,,-3.455,192,region_0
217,I,E,,-0.07389,-3.461,192,region_0
217,I,F,0.3627,1.076,-3.178,192,region_0
217,I,G,-0.01845,-0.01063,-3.385,192,region_0
217,I,H,,,-3.375,192,region_0
217,I,I,0,0,0,192,region_0
217,I,K,-0.133,-0.6875,-3.457,192,region_0
217,I,L,-0.009672,0.2511,0.4582,192,region_0
217,I,M,0.4233,0.6027,-3.067,192,region_0
217,I,N,-0.02356,,-3.478,192,region_0
217,I,P,0.4239,,-3.45,192,region_0
217,I,Q,,,-3.13,192,region_0
217,I,R,,,-3.389,192,region_0
217,I,S,-0.1922,,-3.439,192,region_0
217,I,T,-0.1622,-0.6615,-1.731,192,region_0
217,I,V,-0.05626,-0.1001,0.6253,192,region_0
217,I,W,,-1.128,-3.405,192,region_0
217,I,Y,0.9966,,-3.386,192,region_0
218,E,A,-0.04136,-0.2604,-3.13,193,region_0
218,E,C,-0.08371,,-3.027,193,region_0
218,E,D,0.04833,-0.5444,-3.518,193,region_0
218,E,E,0,0,0,193,region_0
218,E,F,-0.3744,-0.04206,-2.763,193,region_0
218,E,G,,0.08799,-3.415,193,region_0
218,E,H,0.3277,0.02762,-3.381,193,region_0
218,E,I,-0.07977,0.1702,-2.449,193,region_0
218,E,K,-0.1961,-0.1962,-3.515,193,region_0
218,E,L,0.1746,0.4125,-2.228,193,region_0
218,E,M,-0.1191,-0.2194,-2.548,193,region_0
218,E,N,-0.196,-1.069,-3.449,193,region_0
218,E,P,,,-3.501,193,region_0
218,E,Q,-0.2075,-0.1728,-3.304,193,region_0
218,E,R,-0.1784,,-3.47,193,region_0
218,E,S,,,-3.463,193,region_0
218,E,T,0.0738,-0.1626,-3.481,193,region_0
218,E,V,-0.06099,-0.03612,-2.639,193,region_0
218,E,W,-0.008163,-0.885,-3.165,193,region_0
218,E,Y,0.2035,0.4045,-1.423,193,region_0
219,T,A,-0.1148,0.03739,-3.134,194,region_0
219,T,C,,,-2.947,194,region_0
219,T,D,-0.007406,-0.2238,-1.086,194,region_0
219,T,E,0.2279,-0.411,-2.434,194,region_0
219,T,F,-0.128,0.1583,-1.597,194,region_0
219,T,G,,,-3.181,194,region_0
219,T,H,-0.3406,-0.5424,-2.483,194,region_0
219,T,I,0.01347,0.09026,-0.2415,194,region_0
219,T,K,-0.3546,-0.02282,-0.8805,194,region_0
219,T,L,0.02192,-0.2327,-0.6624,194,region_0
219,T,M,-0.02227,-0.2085,-0.3545,194,region_0
219,T,N,0.7094,,-3.186,194,region_0
219,T,P,0.6959,0.2842,-3.444,194,region_0
219,T,Q,-0.397,-0.1314,-1.712,194,region_0
219,T,R,-0.1566,-0.4818,-2.429,194,region_0
219,T,S,-0.1493,-0.5491,-2.434,194,region_0
219,T,T,0,0,0,194,region_0
219,T,V,0.3399,0.04179,-0.1183,194,region_0
219,T,W,-0.1188,-0.2623,-3.43,194,region_0
220,V,A,0.3353,0.06638,-3.198,195,region_0
220,V,C,-0.1514,,-3.436,195,region_0
220,V,D,-0.1171,-1.34,-2.97,195,region_0
220,V,E,-0.5513,0.04803,-3.201,195,region_0
220,V,F,-0.02033,-0.5259,-2.709,195,region_0
220,V,G,-0.08529,-0.0671,-3.358,195,region_0
220,V,H,-0.4474,0.1201,-3.266,195,region_0
220,V,I,-0.03835,-0.06794,0.003515,195,region_0
220,V,K,0.3778,0.04186,-3.015,195,region_0
220,V,L,-0.2292,-0.09672,-0.63,195,region_0
220,V,M,0.2741,-0.6803,-3.308,195,region_0
220,V,N,-0.07826,-0.3902,-3.297,195,region_0
220,V,P,-0.1632,,-3.413,195,region_0
220,V,Q,-0.1866,0.4356,-3.416,195,region_0
220,V,R,-0.2961,,-3.232,195,region_0
220,V,S,-0.05779,-1.065,-3.244,195,region_0
220,V,T,0.2142,0.2056,-3.169,195,region_0
220,V,V,0,0,0,195,region_0
220,V,W,-0.005435,0.6781,-2.426,195,region_0
220,V,Y,0.132,-0.274,-2.726,195,region_0
221,I,A,0.03829,-0.6068,-3.436,196,region_0
221,I,C,-0.1024,-0.3787,-3.461,196,region_0
221,I,D,,,-2.881,196,region_0
221,I,E,-0.03479,,-3.252,196,region_0
221,I,F,-0.2599,-0.1756,-1.969,196,region_0
221,I,G,0.2708,-0.8786,-3.444,196,region_0
221,I,H,,,-3.174,196,region_0
221,I,I,0,0,0,196,region_0
221,I,K,0.005254,,-3.455,196,region_0
221,I,L,0.4588,-0.149,0.4028,196,region_0
221,I,M,0.4029,0.2201,-0.1039,196,region_0
221,I,N,0.2274,,-3.456,196,region_0
221,I,P,-0.4097,-1.097,-3.306,196,region_0
221,I,Q,-0.06484,,-3.369,196,region_0
221,I,R,0.3133,-0.729,-3.236,196,region_0
221,I,S,-0.2013,1.073,-3.367,196,region_0
221,I,T,,,-3.225,196,region_0
221,I,V,-0.02433,-0.7134,-1.505,196,region_0
221,I,W,-0.05292,-0.2051,-3.503,196,region_0
221,I,Y,-0.3228,-0.8407,-3.407,196,region_0
222,E,A,0.0009793,0.2202,-2.107,197,region_0
222,E,C,0.006659,0.001872,-2.155,197,region_0
222,E,D,-0.2088,-0.8643,-2.585,197,region_0
222,E,E,0,0,0,197,region_0
222,E,F,-0.1474,-0.07228,-1.361,197,region_0
222,E,G,-0.07134,-0.4705,-3.144,197,region_0
222,E,H,0.03568,-0.5905,-3.195,197,region_0
222,E,I,-0.1964,-0.6386,-1.847,197,region_0
222,E,K,-0.2831,-0.2689,-3.506,197,region_0
222,E,L,0.06938,-0.07528,-1.006,197,region_0
222,E,M,-0.1101,0.3272,0.03881,197,region_0
222,E,N,-0.1161,,-2.787,197,region_0
222,E,P,-0.1929,-0.2789,-3.202,197,region_0
222,E,Q,0.04006,0.0992,-1.55,197,region_0
222,E,R,-0.3306,-0.8419,-3.389,197,region_0
222,E,S,,,-2.948,197,region_0
222,E,T,-0.08149,0.04944,-1.157,197,region_0
222,E,V,0.0461,-0.4145,-1.646,197,region_0
222,E,W,-0.3691,-0.1955,-2.014,197,region_0
222,E,Y,0.04906,0.03687,-1.607,197,region_0
223,F,A,0.3114,0.2009,-3.131,198,region_0
223,F,C,-0.2011,-0.1092,-2.935,198,region_0
223,F,D,0.006281,-0.2734,-3.076,198,region_0
223,F,E,-0.1417,-0.8076,-2.849,198,region_0
223,F,F,0,0,0,198,region_0
223,F,G,-0.09887,-0.8368,-3.372,198,region_0
223,F,H,-0.1658,-0.5014,-2.95,198,region_0
223,F,I,-0.3115,-1.214,-3.303,198,region_0
223,F,K,0.1164,-0.2831,-2.712,198,region_0
223,F,L,-0.03076,-0.5463,-1.543,198,region_0
223,F,M,0.01902,-0.06735,-2.606,198,region_0
223,F,N,-0.1036,0.09653,-2.712,198,region_0
223,F,P,0.04381,0.2482,-3.167,198,region_0
223,F,Q,-0.02059,0.05963,-2.845,198,region_0
223,F,R,-0.03894,-0.5351,-3.06,198,region_0
223,F,S,0.2851,0.06529,-2.914,198,region_0
223,F,T,0.5455,-0.5387,-3.101,198,region_0
223,F,V,-0.02541,,-3.447,198,region_0
223,F,W,0.1176,0.09706,-2.853,198,region_0
223,F,Y,-0.2639,-0.9845,-3.425,198,region_0
224,Q,A,0.1088,-0.1823,-0.4444,199,region_0
224,Q,C,0.03807,-0.05337,-2.931,199,region_0
224,Q,D,-0.3676,-0.5415,-3.236,199,region_0
224,Q,E,-0.02934,0.07731,-2.133,199,region_0
224,Q,F,0.3455,-0.8159,-2.911,199,region_0
224,Q,G,-0.1858,-0.03775,-2.339,199,region_0
224,Q,H,-0.4591,-0.2537,-1.747,199,region_0
224,Q,I,-0.2842,0.2869,-2.659,199,region_0
224,Q,K,-0.1341,-0.4428,-3.032,199,region_0
224,Q,L,0.2416,-0.2665,-3.11,199,region_0
224,Q,M,0.1898,0.243,-0.2074,199,region_0
224,Q,N,0.0155,-0.1501,-2.405,199,region_0
224,Q,P,-0.1163,-0.2345,-2.916,199,region_0
224,Q,Q,0,0,0,199,region_0
224,Q,R,0.1756,-0.6917,-3.319,199,region_0
224,Q,S,-0.07716,-0.01363,-0.7672,199,region_0
224,Q,T,0.07757,0.01124,-1.841,199,region_0
224,Q,V,-0.02688,-0.1047,-2.772,199,region_0
224,Q,W,0.02573,-0.2754,-1.97,199,region_0
224,Q,Y,-0.1397,-0.1029,-1.834,199,region_0
225,Q,A,0.09773,-0.02377,-1.039,200,region_0
225,Q,C,-0.0659,-1.191,-3.369,200,region_0
225,Q,D,0.6271,0.3208,-2.982,200,region_0
225,Q,E,0.6716,0.1298,-0.7628,200,region_0
225,Q,F,0.001119,0.3351,0.3338,200,region_0
225,Q,G,0.1567,-0.3367,-2.835,200,region_0
225,Q,H,-0.005336,0.03637,-0.6702,200,region_0
225,Q,I,-0.00193,-0.1885,-2.139,200,region_0
225,Q,K,-0.006572,-0.9746,-3.479,200,region_0
225,Q,L,0.08936,0.03609,0.3156,200,region_0
225,Q,M,0.4217,0.3118,0.08116,200,region_0
225,Q,N,-0.08449,-0.0958,-0.3648,200,region_0
225,Q,P,-0.03917,,-3.457,200,region_0
225,Q,Q,0,0,0,200,region_0
225,Q,R,0.05983,-0.3239,-3.475,200,region_0
225,Q,S,0.0748,0.4208,-0.9063,200,region_0
225,Q,T,0.1158,0.3438,-1.869,200,region_0
225,Q,V,-0.1053,0.05121,-1.263,200,region_0
225,Q,W,0.05729,-0.1167,-0.7935,200,region_0
225,Q,Y,0.09665,0.2345,0.7607,200,region_0
226,K,A,,,-0.7721,201,region_0
226,K,C,0.06858,-0.083,-0.7501,201,region_0
226,K,D,,,-3.431,201,region_0
226,K,E,-0.1732,-0.2746,-0.6465,201,region_0
226,K,F,0.2397,0.01215,-0.0536,201,region_0
226,K,G,0.3773,-0.5788,-3.271,201,region_0
226,K,I,0.465,0.2925,0.357,201,region_0
226,K,K,0,0,0,201,region_0
226,K,L,0.07156,,-0.1213,201,region_0
226,K,M,0.4129,0.2434,-0.174,201,region_0
226,K,N,-0.4174,0.01402,-0.032,201,region_0
226,K,R,-0.08223,-0.05354,0.1268,201,region_0
226,K,S,0.02226,,-2.074,201,region_0
226,K,T,-0.08974,-0.07373,0.4558,201,region_0
226,K,V,0.2873,0.3948,-0.07757,201,region_0
226,K,W,0.2323,0.1841,0.6372,201,region_0
226,K,Y,-0.01038,0.2531,-0.8808,201,region_0
227,N,A,,,-3.414,202,region_0
227,N,C,,,-3.381,202,region_0
227,N,D,-0.03735,-0.4342,-3.442,202,region_0
227,N,E,,-0.7232,-3.357,202,region_0
227,N,F,0.001144,-0.4194,-3.194,202,region_0
227,N,G,-0.4569,-1.189,-3.238,202,region_0
227,N,H,-0.04017,-0.7275,-2.469,202,region_0
227,N,I,,-0.4935,-3.35,202,region_0
227,N,K,-0.02519,0.3757,-2.87,202,region_0
227,N,L,,,-3.304,202,region_0
227,N,M,-0.1773,-1.05,-3.468,202,region_0
227,N,N,0,0,0,202,region_0
227,N,P,0.3889,-0.9675,-3.102,202,region_0
227,N,Q,,,-3.313,202,region_0
227,N,R,0.4809,-0.6133,-3.274,202,region_0
227,N,S,0.3323,-0.3205,-3.103,202,region_0
227,N,T,-0.1215,,-3.445,202,region_0
227,N,V,,,-3.438,202,region_0
227,N,W,-0.09065,-0.4602,-3.16,202,region_0
227,N,Y,-0.05435,-0.05152,-3.313,202,region_0
228,N,A,-0.1766,-0.03213,-0.3903,203,none
228,N,C,-0.4957,-0.3033,-2.39,203,none
228,N,D,-0.1649,0.1307,0.6668,203,none
228,N,E,0.3975,0.8337,1.012,203,none
228,N,F,0.2712,-0.06658,-0.7855,203,none
228,N,G,-0.07219,-0.01092,-0.8198,203,none
228,N,H,0.07853,-0.1802,-0.2616,203,none
228,N,I,0.2755,0.9713,-2.163,203,none
228,N,K,-0.01467,-0.5235,-3.377,203,none
228,N,L,0.4594,0.6489,-2.141,203,none
228,N,M,0.0271,0.2316,0.3436,203,none
228,N,N,0,0,0,203,none
228,N,P,-0.2811,-0.4679,-3.149,203,none
228,N,Q,0.2226,0.4481,0.02134,203,none
228,N,R,0.849,-0.002776,-1.388,203,none
228,N,S,0.04607,-0.05393,0.6958,203,none
228,N,T,0.07139,0.01352,0.7637,203,none
228,N,V,0.3078,0.3727,0.9606,203,none
228,N,W,-0.07288,-0.4598,-0.7117,203,none
228,N,Y,-0.1142,-0.09572,-1.128,203,none
229,R,A,0.3873,-0.5774,-2.984,204,none
229,R,C,-0.1891,-0.04943,-3.05,204,none
229,R,D,-0.1014,-0.1041,-3.163,204,none
229,R,E,0.1488,-0.3257,-3.362,204,none
229,R,G,-0.1601,0.2154,-3.252,204,none
229,R,H,-0.4786,-1.268,-3.147,204,none
229,R,I,0.02216,0.2504,-3.317,204,none
229,R,K,-0.4318,-0.4561,-3.309,204,none
229,R,L,0.4302,0.03857,-3.029,204,none
229,R,M,-0.2765,-0.1169,-3.324,204,none
229,R,N,0.1128,0.004281,-2.897,204,none
229,R,P,0.3905,0.2054,-3.162,204,none
229,R,Q,,0.2054,-3.03,204,none
229,R,R,0,0,0,204,none
229,R,S,0.5728,-0.04996,-3.391,204,none
229,R,T,0.2672,0.05617,-3.276,204,none
229,R,V,0.6769,-0.2442,-2.989,204,none
229,R,W,-0.1994,0.5306,-3.383,204,none
229,R,Y,0.1287,-0.3083,-3.391,204,none
230,L,A,0.2649,-0.1291,-2.974,205,none
230,L,C,-0.001217,-0.8629,-3.432,205,none
230,L,D,-0.02321,-0.1839,-2.934,205,none
230,L,E,,,-3.447,205,none
230,L,F,0.1419,0.5665,0.5484,205,none
230,L,G,-0.2106,-0.5864,-3.099,205,none
230,L,H,-0.171,-0.02276,-3.428,205,none
230,L,I,-0.1853,,-3.124,205,none
230,L,K,,,-3.232,205,none
230,L,L,0,0,0,205,none
230,L,M,0.006891,0.03259,-2.147,205,none
230,L,N,,-0.5532,-3.255,205,none
230,L,P,0.07438,-0.1385,-3.176,205,none
230,L,Q,0.2614,-0.1391,-3.093,205,none
230,L,R,-0.173,-0.198,-3.085,205,none
230,L,S,0.02128,-0.3982,-3.218,205,none
230,L,T,0.01138,-0.5706,-3.415,205,none
230,L,V,0.5306,0.2056,-3.145,205,none
230,L,W,-0.08806,0.393,-2.939,205,none
230,L,Y,-0.07035,,-2.959,205,none
231,L,A,-0.1247,,-3.399,206,none
231,L,C,-0.1362,-0.2419,-2.452,206,none
231,L,D,-0.05034,,-3.194,206,none
231,L,E,-0.1716,-0.902,-3.231,206,none
231,L,F,-0.09848,-0.5669,-3.319,206,none
231,L,H,0.3915,-0.4433,-3.377,206,none
231,L,I,-0.07619,-0.2551,-1.157,206,none
231,L,K,0.6052,-0.1235,-3.351,206,none
231,L,L,0,0,0,206,none
231,L,M,0.0125,-0.343,-3.188,206,none
231,L,N,,,-3.216,206,none
231,L,P,0.008857,0.09638,-3.259,206,none
231,L,Q,-0.2572,-0.3504,-2.048,206,none
231,L,R,-0.218,-0.244,-3.453,206,none
231,L,T,-0.05045,,-3.313,206,none
231,L,V,0.01323,-0.05696,-1.074,206,none
231,L,W,-0.2306,,-3.471,206,none
231,L,Y,-0.006718,-0.756,-3.431,206,none
232,E,C,-0.09028,-1.135,-3.462,207,none
232,E,D,0.2342,0.5087,0.1295,207,none
232,E,E,0,0,0,207,none
232,E,F,0.8463,0.03152,-2.892,207,none
232,E,G,-0.1312,-0.3823,-3.438,207,none
232,E,H,-0.02313,-0.6801,-2.941,207,none
232,E,I,-0.0552,-1.031,-3.257,207,none
232,E,K,0.1876,-1.094,-3.529,207,none
232,E,L,0.03369,-0.1073,-3.253,207,none
232,E,M,-0.1344,0.1666,,207,none
232,E,N,-0.3456,,-3.232,207,none
232,E,P,-0.2184,0.3811,-2.984,207,none
232,E,Q,0.4747,0.046,-1.558,207,none
232,E,R,,,-3.47,207,none
232,E,S,0.1019,-0.1058,-2.743,207,none
232,E,T,-0.3055,-0.1949,-2.857,207,none
232,E,V,0.2082,-0.2572,-3.425,207,none
232,E,W,0.688,0.1423,-2.749,207,none
232,E,Y,0.4696,-0.2278,-2.062,207,none
233,I,A,,-0.2978,-2.951,208,none
233,I,C,0.05379,-0.1377,-3.165,208,none
233,I,D,0.396,-0.3956,-3.134,208,none
233,I,E,1.017,-0.3948,-3.107,208,none
233,I,F,-0.2458,-0.1845,-3.166,208,none
233,I,G,-0.007544,0.2698,-3.259,208,none
233,I,H,0.06129,0.1704,-3.107,208,none
233,I,I,0,0,0,208,none
233,I,K,0.4591,-0.5313,-3.328,208,none
233,I,L,0.2875,-0.07187,-0.9737,208,none
233,I,M,0.05728,-0.8887,-1.322,208,none
233,I,N,-0.1026,-1.095,-2.994,208,none
233,I,P,-0.0825,-0.9289,-3.225,208,none
233,I,Q,0.4257,0.209,-3.01,208,none
233,I,R,0.09172,-0.2958,-3.205,208,none
233,I,S,0.2991,-0.3413,-3.287,208,none
233,I,T,-0.09324,-0.1902,-3.194,208,none
233,I,V,0.4663,-0.01443,-0.2713,208,none
233,I,W,0.02903,,-3.427,208,none
233,I,Y,-0.05047,0.04003,-3.412,208,none
234,T,A,-0.004632,0.5897,0.1548,209,none
234,T,C,-0.4026,-0.0386,-2.975,209,none
234,T,D,0.2348,-0.205,-2.718,209,none
234,T,E,-0.1439,-0.1861,-0.7893,209,none
234,T,F,-0.1825,-0.9336,-3.452,209,none
234,T,G,-0.1434,0.09862,-0.3896,209,none
234,T,H,0.05665,-0.3013,-0.7697,209,none
234,T,I,0.01659,-0.7356,-3.349,209,none
234,T,K,-0.2777,-0.3607,-3.362,209,none
234,T,L,,,-3.317,209,none
234,T,M,0.017,,-2.156,209,none
234,T,N,0.1227,0.2314,-1.006,209,none
234,T,P,,-0.5071,-3.354,209,none
234,T,Q,,,-3.24,209,none
234,T,R,-0.41,-0.1875,-3.503,209,none
234,T,S,-0.03478,0.664,-0.2338,209,none
234,T,T,0,0,0,209,none
234,T,V,-0.1967,,-3.362,209,none
234,T,W,0.1168,0.5254,-2.237,209,none
234,T,Y,-0.2511,-0.3521,-2.191,209,none
235,R,A,0.1397,,-3.385,210,none
235,R,C,-0.3587,-0.5043,-3.409,210,none
235,R,D,-0.2372,-0.2021,-2.536,210,none
235,R,E,0.8587,0.6693,-1.146,210,none
235,R,F,0.3848,0.6336,-1.848,210,none
235,R,G,0.1865,0.2207,-0.8494,210,none
235,R,H,0.3745,0.4019,0.1122,210,none
235,R,I,0.1219,0.2983,-2.579,210,none
235,R,K,0.1458,0.4935,0.4839,210,none
235,R,L,0.6802,0.3685,-0.2401,210,none
235,R,M,0.1052,1.212,-1.029,210,none
235,R,N,0.02273,0.1227,-1.869,210,none
235,R,P,-0.379,-1.094,-3.316,210,none
235,R,Q,0.6341,0.5179,0.8274,210,none
235,R,R,0,0,0,210,none
235,R,S,0.5038,0.3725,-3.038,210,none
235,R,T,0.1662,0.142,0.1193,210,none
235,R,V,0.2095,0.3036,-1.242,210,none
235,R,W,0.1585,0.2236,-1.317,210,none
235,R,Y,0.03847,0.467,-1.278,210,none
236,E,A,,-0.1239,-3.449,211,none
236,E,C,-0.1454,0.1203,-3.469,211,none
236,E,D,0.06025,0.2055,-3.37,211,none
236,E,E,0,0,0,211,none
236,E,F,-0.2333,-1.389,-3.152,211,none
236,E,G,,,-3.428,211,none
236,E,H,-0.2428,,-3.338,211,none
236,E,I,-0.02183,0.1174,-3.367,211,none
236,E,K,-0.2862,-0.9054,-3.147,211,none
236,E,L,,,-3.262,211,none
236,E,M,,,-3.295,211,none
236,E,N,0.5223,-0.08823,-3.138,211,none
236,E,P,0.07333,0.2124,-3.184,211,none
236,E,Q,0.304,-0.1067,-1.454,211,none
236,E,R,-0.06742,-0.5355,-3.259,211,none
236,E,T,0.9405,-0.2176,-3.442,211,none
236,E,V,-0.3816,-0.599,-3.356,211,none
236,E,W,-0.546,-0.9128,-3.343,211,none
236,E,Y,0.01983,,-3.319,211,none
237,F,A,-0.1035,,-3.423,212,none
237,F,C,0.01301,0.05822,-3.208,212,none
237,F,D,-0.04049,-0.3454,-3.389,212,none
237,F,E,-0.1176,-0.5754,-3.322,212,none
237,F,F,0,0,0,212,none
237,F,G,-0.202,-0.4734,-3.129,212,none
237,F,H,0.1073,0.128,-3.135,212,none
237,F,I,-0.21,0.4753,-3.415,212,none
237,F,K,0.3019,0.1772,-3.311,212,none
237,F,L,-0.1973,-1.064,-3.374,212,none
237,F,M,-0.1635,-0.3507,-3.396,212,none
237,F,N,-0.02458,-0.3871,-3.399,212,none
237,F,P,,,-3.339,212,none
237,F,Q,-0.1684,-0.4536,-3.298,212,none
237,F,R,-0.1244,-0.2191,-3.047,212,none
237,F,S,-0.09097,0.07156,-3.066,212,none
237,F,T,,,-3.279,212,none
237,F,V,-0.377,-1.385,-3.477,212,none
237,F,W,-0.1163,-0.8847,-3.188,212,none
237,F,Y,0.1114,0.3065,-1.291,212,none
238,S,A,-0.01041,0.1203,-0.2249,213,none
238,S,C,-0.1347,0.08393,-1.948,213,none
238,S,D,0.7152,-0.2829,-2.735,213,none
238,S,E,0.08083,-0.5057,-3.258,213,none
238,S,F,0.001781,,-3.356,213,none
238,S,G,0.01811,-0.4718,-0.7629,213,none
238,S,H,1.302,0.02297,-3.271,213,none
238,S,I,-0.5263,-0.6463,-3.322,213,none
238,S,K,,,-3.345,213,none
238,S,M,0.1093,0.2247,-3.3,213,none
238,S,N,-0.0205,-0.03603,-0.1957,213,none
238,S,P,-0.2305,-0.8358,-3.184,213,none
238,S,Q,0.2982,0.322,-0.7231,213,none
238,S,R,0.8574,-0.1757,-3.5,213,none
238,S,S,0,0,0,213,none
238,S,T,0.2351,-0.1717,-3.189,213,none
238,S,V,,-0.0173,-3.224,213,none
238,S,W,,,-3.486,213,none
238,S,Y,-0.1862,,-3.404,213,none
239,V,A,,0.2993,-0.9135,214,none
239,V,C,-0.2174,-0.222,-0.8913,214,none
239,V,D,0.7123,0.3087,-1.895,214,none
239,V,E,0.08896,0.3238,-1.421,214,none
239,V,F,-0.2038,-0.4959,-1.446,214,none
239,V,G,0.3943,-0.2702,-2.671,214,none
239,V,H,0.09719,0.3354,-0.3751,214,none
239,V,I,-0.1725,-0.1807,-0.6231,214,none
239,V,K,0.1962,0.03031,-2.473,214,none
239,V,L,0.243,0.4109,-1.019,214,none
239,V,M,0.1593,0.1519,-0.2367,214,none
239,V,N,,-0.2146,-3.291,214,none
239,V,P,-0.03628,,-3.351,214,none
239,V,Q,-0.2239,-0.8603,-1.46,214,none
239,V,R,0.1315,-0.01403,-1.532,214,none
239,V,S,0.5748,0.343,-0.01868,214,none
239,V,T,-0.1146,0.02932,-0.2132,214,none
239,V,V,0,0,0,214,none
239,V,W,-0.2289,-0.2937,-2.87,214,none
239,V,Y,,,-2.293,214,none
240,N,A,0.1633,0.3756,1.309,215,none
240,N,C,0.4144,0.6087,1.498,215,none
240,N,D,0.2509,0.6158,-0.9394,215,none
240,N,E,0.1641,0.1099,-0.05773,215,none
240,N,F,0.1015,0.05405,0.04156,215,none
240,N,G,0.5695,0.8612,0.4555,215,none
240,N,H,0.2154,0.1995,0.8938,215,none
240,N,I,,,-3.238,215,none
240,N,K,0.1133,0.04298,-0.7056,215,none
240,N,L,0.4544,0.309,-2.561,215,none
240,N,M,-0.164,0.09287,0.3715,215,none
240,N,N,0,0,0,215,none
240,N,P,,-0.01347,-3.19,215,none
240,N,Q,0.1373,0.4016,1.061,215,none
240,N,R,0.09363,-0.08789,-0.4142,215,none
240,N,S,0.1911,0.1251,0.5184,215,none
240,N,T,0.1743,0.5127,0.3734,215,none
240,N,V,0.1592,0.2905,-0.636,215,none
240,N,W,0.07597,0.09725,-0.381,215,none
240,N,Y,0.2634,0.445,0.5955,215,none
241,A,A,0,0,0,216,none
241,A,C,-0.01069,-0.431,-0.9042,216,none
241,A,D,0.007743,-0.4247,-2.612,216,none
241,A,E,,,-3.486,216,none
241,A,F,,,-3.446,216,none
241,A,G,0.1985,-0.005981,-2.372,216,none
241,A,H,,,-3.46,216,none
241,A,I,0.09495,-0.1447,-0.7886,216,none
241,A,K,0.2308,-0.08822,-3.487,216,none
241,A,L,0.02886,0.1229,-2.364,216,none
241,A,M,0.01001,-0.06032,-2.296,216,none
241,A,N,,,-3.011,216,none
241,A,P,0.0007405,,-3.167,216,none
241,A,Q,-0.003477,,-3.444,216,none
241,A,R,-0.2181,-0.06054,-3.455,216,none
241,A,S,0.6503,0.1271,-2.433,216,none
241,A,T,-0.3218,0.1363,-0.9754,216,none
241,A,V,0.2256,0.04183,0.5729,216,none
241,A,W,-0.4339,,-3.284,216,none
241,A,Y,,,-3.33,216,none
242,G,C,-0.09702,-0.6041,-3.52,217,none
242,G,D,-0.002092,-0.09057,-2.891,217,none
242,G,E,-0.02913,0.1151,-3.449,217,none
242,G,F,-0.1032,,-3.447,217,none
242,G,G,0,0,0,217,none
242,G,H,0.1333,,-3.416,217,none
242,G,I,-0.05298,0.8318,-3.061,217,none
242,G,K,-0.1471,-0.7922,-3.443,217,none
242,G,L,0.7369,-0.5911,-3.356,217,none
242,G,M,0.1175,-0.948,-3.149,217,none
242,G,N,0.06231,-0.9011,-3.247,217,none
242,G,P,,,-3.501,217,none
242,G,Q,-0.02474,0.1023,-3.422,217,none
242,G,R,0.06876,-0.545,-2.989,217,none
242,G,S,-0.9563,-0.5003,-3.465,217,none
242,G,T,,,-3.451,217,none
242,G,V,-0.03174,-0.7314,-3.287,217,none
242,G,W,,,-3.16,217,none
242,G,Y,,,-3.086,217,none
243,V,A,0.5444,-0.5763,-1.111,218,none
243,V,C,0.06531,0.1165,0.3117,218,none
243,V,D,-0.4338,-0.0224,-3.226,218,none
243,V,E,-0.5367,-0.7917,-3.423,218,none
243,V,F,,,-0.3306,218,none
243,V,G,,,-3.348,218,none
243,V,H,0.2675,0.1535,-2.37,218,none
243,V,I,,,0.4323,218,none
243,V,K,0.2,-0.2419,-2.882,218,none
243,V,L,-0.1668,0.3528,-3.274,218,none
243,V,M,-0.2341,-0.5937,-3.237,218,none
243,V,N,0.1146,-1.351,-3.403,218,none
243,V,Q,-0.01493,-0.08831,-2.891,218,none
243,V,R,0.08509,-0.1188,-3.081,218,none
243,V,S,0.1731,-0.9825,-2.621,218,none
243,V,T,0.00574,-0.04147,-1.414,218,none
243,V,V,0,0,0,218,none
243,V,W,0.03842,-0.09608,-1.814,218,none
243,V,Y,,-0.005387,-1.752,218,none
244,T,A,0.2162,0.3421,0.7661,219,none
244,T,C,-0.09512,0.01276,0.7477,219,none
244,T,D,-0.286,-0.08695,-3.389,219,none
244,T,E,0.9307,0.7709,0.5659,219,none
244,T,F,0.5505,-0.2419,-3.276,219,none
244,T,G,0.07482,0.2254,-0.02465,219,none
244,T,H,0.06071,-0.03334,-1.699,219,none
244,T,I,0.2719,0.3649,-0.0068,219,none
244,T,K,0.000266,-0.3153,-1.374,219,none
244,T,L,0.4724,0.3938,-0.7645,219,none
244,T,M,0.7633,0.3924,0.1442,219,none
244,T,N,0.7863,0.349,-1.595,219,none
244,T,P,-0.212,-0.5316,-3.501,219,none
244,T,Q,0.4416,0.9193,0.1852,219,none
244,T,R,0.1529,-0.2794,-3.143,219,none
244,T,S,-0.1293,0.2834,0.2096,219,none
244,T,T,0,0,0,219,none
244,T,V,0.1033,,-0.8502,219,none
244,T,W,-0.2392,-0.143,-3.058,219,none
244,T,Y,0.1823,-0.3908,-3.147,219,none
245,T,A,-0.1131,,-1.26,220,none
245,T,C,-0.001765,-0.4247,0.05547,220,none
245,T,D,-0.04283,-0.5596,-3.187,220,none
245,T,E,0.05573,-1.115,-2.97,220,none
245,T,F,0.1025,-0.3396,-1.739,220,none
245,T,G,-0.02406,-0.02214,-0.3487,220,none
245,T,H,0.1347,-0.008444,0.4934,220,none
245,T,I,0.12,-0.01675,0.04149,220,none
245,T,K,-0.01124,0.09027,0.6306,220,none
245,T,M,-0.1041,0.01344,-0.1943,220,none
245,T,N,-0.02507,0.1582,0.4348,220,none
245,T,P,-0.06705,-0.2126,-3.245,220,none
245,T,Q,0.0325,0.3427,0.1875,220,none
245,T,R,0.2008,0.1751,0.0954,220,none
245,T,S,0.09709,0.1995,0.4677,220,none
245,T,T,0,0,0,220,none
245,T,V,0.04322,0.04569,-0.0621,220,none
245,T,W,0.4381,-0.1583,-2.804,220,none
245,T,Y,-0.02226,-0.05302,-0.8594,220,none
246,P,A,0.5423,0.004122,-2.268,221,none
246,P,C,-0.09923,-0.08922,-3.377,221,none
246,P,D,1.037,-0.101,-3.151,221,none
246,P,E,0.1658,,-3.388,221,none
246,P,F,0.324,0.6089,-3.27,221,none
246,P,G,-0.04296,0.5388,-2.303,221,none
246,P,H,0.4363,0.2181,-0.9059,221,none
246,P,I,-0.2661,,-3.183,221,none
246,P,K,0.2303,-0.08068,-2.066,221,none
246,P,L,0.02687,-0.3477,-3.269,221,none
246,P,M,0.1988,0.2607,-2.844,221,none
246,P,N,-0.002784,,-3.218,221,none
246,P,P,0,0,0,221,none
246,P,Q,0.3124,-0.258,-1.803,221,none
246,P,R,0.07956,0.3139,-2.125,221,none
246,P,S,0.2389,0.1348,-2.008,221,none
246,P,T,-0.09579,0.11,-2.361,221,none
246,P,V,-0.07903,-0.4843,-2.971,221,none
246,P,W,-0.08333,-0.04703,-3.493,221,none
246,P,Y,0.03572,0.4769,-3.162,221,none
247,V,A,0.03103,0.4086,-1.264,222,none
247,V,C,-0.1888,0.2551,-0.3179,222,none
247,V,D,-0.2826,,-3.292,222,none
247,V,E,0.1849,0.1608,-3.078,222,none
247,V,F,-0.6938,-0.7038,-3.255,222,none
247,V,G,,-0.5152,-3.165,222,none
247,V,H,-0.01718,-0.8117,-3.1,222,none
247,V,I,0.01166,,0.1523,222,none
247,V,K,0.3939,,-3.319,222,none
247,V,L,-0.1112,-0.02948,0.01432,222,none
247,V,M,-0.06202,0.332,0.6529,222,none
247,V,N,-0.2688,-0.9062,-3.324,222,none
247,V,P,,,-3.378,222,none
247,V,Q,0.1154,0.387,-3.348,222,none
247,V,R,-0.1184,-0.9283,-3.239,222,none
247,V,S,0.3168,-0.01866,-3.195,222,none
247,V,T,0.3364,-0.07774,-0.6395,222,none
247,V,V,0,0,0,222,none
247,V,W,0.5292,0.1049,-3.34,222,none
247,V,Y,,0.1378,-3.167,222,none
248,S,A,-0.1317,,-3.437,223,none
248,S,C,,-0.2911,-3.438,223,none
248,S,D,,,-3.41,223,none
248,S,E,0.6343,-0.1903,-3.454,223,none
248,S,F,-0.0999,-0.8139,-3.369,223,none
248,S,G,,,-0.1088,223,none
248,S,H,-0.05354,-0.9292,-3.389,223,none
248,S,I,0.03647,,-3.222,223,none
248,S,K,0.01799,-1.097,-3.445,223,none
248,S,L,-0.2025,-0.2115,-3.346,223,none
248,S,M,0.1716,-0.5877,-3.357,223,none
248,S,N,0.08892,-0.1273,-2.992,223,none
248,S,P,-0.1035,,-3.226,223,none
248,S,Q,-0.6643,0.2122,-3.422,223,none
248,S,R,0.02546,-0.4438,-3.426,223,none
248,S,S,0,0,0,223,none
248,S,T,,-0.6455,-3.078,223,none
248,S,V,-0.07566,-0.9422,-3.13,223,none
248,S,W,0.01837,0.1177,-2.944,223,none
248,S,Y,0.1666,-0.1189,-3.188,223,none
249,T,A,0.003395,0.2357,-2.416,224,none
249,T,C,-0.2104,-0.1599,-3.385,224,none
249,T,D,,,-3.429,224,none
249,T,E,,,-3.451,224,none
249,T,F,-0.02354,0.1487,-1.148,224,none
249,T,G,0.2153,-0.3477,-3.454,224,none
249,T,H,-0.2386,-1.376,-3.429,224,none
249,T,I,0.03048,-0.7032,-2.302,224,none
249,T,K,,,-3.444,224,none
249,T,L,0.348,0.175,0.4488,224,none
249,T,M,0.03033,0.329,-1.743,224,none
249,T,N,0.2138,-0.2907,-2.634,224,none
249,T,P,-0.1689,-0.1835,-1.566,224,none
249,T,Q,,-1.033,-3.518,224,none
249,T,R,0.493,0.139,-3.41,224,none
249,T,S,0.2887,0.3147,-1.151,224,none
249,T,T,0,0,0,224,none
249,T,V,0.01416,-0.4262,-3.244,224,none
249,T,W,-0.3529,-0.3965,-2.565,224,none
249,T,Y,0.2129,0.1783,-2.841,224,none
250,Y,A,0.1262,-0.006774,-2.578,225,none
250,Y,C,-0.4327,-0.08721,-3.473,225,none
250,Y,D,0.8528,-0.4097,-2.927,225,none
250,Y,E,0.224,-1.041,-3.033,225,none
250,Y,F,0.05095,-0.2045,-0.1948,225,none
250,Y,G,-0.1354,-0.2457,-3.22,225,none
250,Y,H,0.1906,0.3988,-1.077,225,none
250,Y,I,0.1218,0.2118,-2.258,225,none
250,Y,K,-0.07741,-0.2124,-2.636,225,none
250,Y,L,-0.1341,-0.03706,-1.745,225,none
250,Y,M,0.07831,0.4548,0.02539,225,none
250,Y,N,0.1322,-0.04096,-0.7043,225,none
250,Y,P,-0.2648,-0.5357,-3.438,225,none
250,Y,Q,-0.1894,-0.1821,-1.261,225,none
250,Y,R,0.03019,0.08198,-3.204,225,none
250,Y,S,0.06837,-0.2278,-2.734,225,none
250,Y,T,-0.07356,-0.1193,-3.255,225,none
250,Y,V,-0.262,,-3.346,225,none
250,Y,W,0.3455,-0.4497,-2.803,225,none
250,Y,Y,0,0,0,225,none
251,M,A,-0.1744,-0.4705,-2.234,226,none
251,M,C,0.247,-0.2195,-3.218,226,none
251,M,D,-0.02929,0.6666,-3.13,226,none
251,M,E,0.4206,0.2383,-3.066,226,none
251,M,F,0.09951,-0.2434,-3.437,226,none
251,M,G,0.7201,-0.7742,-3.45,226,none
251,M,H,-0.4144,-0.03722,-2.91,226,none
251,M,I,0.2944,0.1242,-0.9827,226,none
251,M,K,-0.1522,-0.8536,-2.934,226,none
251,M,L,0.00208,0.06678,-1.578,226,none
251,M,M,0,0,0,226,none
251,M,N,-0.4153,-0.2044,-3.277,226,none
251,M,P,0.3014,-0.09892,-3.171,226,none
251,M,Q,0.1514,-0.03993,-1.82,226,none
251,M,R,-0.3537,0.09734,-3.104,226,none
251,M,S,,,-3.366,226,none
251,M,T,0.3691,-0.5681,-3.163,226,none
251,M,V,-0.3146,-0.1785,-2.265,226,none
251,M,W,-0.01042,-0.5177,-3.245,226,none
251,M,Y,-0.06086,-0.08532,-3.296,226,none
252,L,A,0.1182,0.2085,-0.44,227,none
252,L,C,0.03013,0.002139,-1.804,227,none
252,L,D,0.08543,-0.01844,-3.216,227,none
252,L,E,,,-3.409,227,none
252,L,F,-0.0852,-0.2711,-3.424,227,none
252,L,G,0.1652,-0.4754,-2.856,227,none
252,L,H,-0.2211,-0.3901,-3.362,227,none
252,L,I,0.2062,-0.02511,-0.56,227,none
252,L,K,0.01821,-0.7852,-3.25,227,none
252,L,L,0,0,0,227,none
252,L,M,-0.1025,-0.1032,-1.087,227,none
252,L,N,0.09434,0.07915,-3.078,227,none
252,L,P,-0.4063,-0.5699,-3.389,227,none
252,L,Q,-0.2195,-0.1653,-3.38,227,none
252,L,R,0.09677,0.01067,-3.147,227,none
252,L,S,0.1479,-0.1315,-3.455,227,none
252,L,T,-0.2263,-0.09253,-3.151,227,none
252,L,V,0.1116,-0.02442,-0.2733,227,none
252,L,W,0.9654,-0.7036,-3.127,227,none
252,L,Y,,,-3.454,227,none
253,T,A,0.1213,0.03839,-0.1991,228,none
253,T,C,0.1115,0.2238,-3.119,228,none
253,T,D,0.01753,-0.599,-1.53,228,none
253,T,E,0.09794,0.1802,0.06648,228,none
253,T,F,-0.6046,-0.4026,-3.389,228,none
253,T,G,-0.2379,0.01755,-0.7232,228,none
253,T,H,0.5141,-0.00379,0.3469,228,none
253,T,I,-0.324,-0.6711,-3.348,228,none
253,T,K,-0.04791,-0.5433,-0.9228,228,none
253,T,L,0.2192,,-1.929,228,none
253,T,M,,-0.1965,-0.3155,228,none
253,T,N,-0.2342,-0.01669,-2.774,228,none
253,T,P,-0.6404,-1.666,-3.295,228,none
253,T,Q,0.03996,0.0506,-0.01446,228,none
253,T,R,-0.2409,-0.9939,-1.534,228,none
253,T,S,0.2748,0.06503,0.2256,228,none
253,T,T,0,0,0,228,none
253,T,V,-0.05197,,-3.44,228,none
253,T,W,0.1009,-0.1211,-3.45,228,none
253,T,Y,-0.08231,-0.5616,-2.602,228,none
254,N,A,0.5066,0.1399,-0.4868,229,region_II
254,N,C,0.2158,-0.3157,-3.244,229,region_II
254,N,D,,,-3.462,229,region_II
254,N,E,-0.2208,-1.036,-3.39,229,region_II
254,N,F,0.2636,0.006487,-3.218,229,region_II
254,N,G,0.1533,0.06394,-0.09812,229,region_II
254,N,H,-0.3837,0.06595,-1.131,229,region_II
254,N,I,0.2931,-0.807,-3.379,229,region_II
254,N,K,-0.007737,0.05754,-3.471,229,region_II
254,N,L,-0.7387,-0.4542,-3.276,229,region_II
254,N,M,0.9711,-0.2,-1.732,229,region_II
254,N,N,0,0,0,229,region_II
254,N,P,,,-3.396,229,region_II
254,N,Q,0.08883,-0.1206,-0.6943,229,region_II
254,N,R,,,-3.433,229,region_II
254,N,S,0.09237,0.3037,-1.385,229,region_II
254,N,T,0.3549,-0.5164,-3.475,229,region_II
254,N,V,0.01011,-0.7892,-3.482,229,region_II
254,N,W,0.4669,0.2257,-3.239,229,region_II
254,N,Y,0.7188,0.08352,-1.044,229,region_II
255,S,A,0.003022,-0.05369,0.2702,230,region_II
255,S,C,0.6071,0.5465,-0.8733,230,region_II
255,S,D,0.07796,0.02976,-0.2659,230,region_II
255,S,E,0.06502,0.3799,-1.145,230,region_II
255,S,F,0.1226,-0.004984,0.5292,230,region_II
255,S,G,0.03696,0.08487,0.05152,230,region_II
255,S,H,-0.08033,-0.2555,-0.0126,230,region_II
255,S,I,0.1906,0.1985,-0.1375,230,region_II
255,S,K,0.04374,0.1081,-0.6186,230,region_II
255,S,L,0.5928,0.2601,0.3431,230,region_II
255,S,M,0.02716,0.3709,-0.3819,230,region_II
255,S,N,-0.3659,0.2169,0.2796,230,region_II
255,S,P,,,-3.497,230,region_II
255,S,Q,0.1995,0.04214,0.5972,230,region_II
255,S,R,0.2832,0.0981,-0.3332,230,region_II
255,S,S,0,0,0,230,region_II
255,S,T,0.1451,-0.01865,0.2613,230,region_II
255,S,V,0.1196,-0.03802,0.0422,230,region_II
255,S,W,-0.07246,0.04538,0.1963,230,region_II
255,S,Y,0.02223,,-0.2136,230,region_II
256,E,A,0.09878,-0.5588,-3.261,231,region_II
256,E,C,-0.05379,0.02935,-3.063,231,region_II
256,E,D,0.01806,-0.09704,-2.212,231,region_II
256,E,E,0,0,0,231,region_II
256,E,F,-0.03201,-0.7761,-3.378,231,region_II
256,E,G,-0.07331,0.1985,-3.292,231,region_II
256,E,H,,,-3.387,231,region_II
256,E,I,0.1039,-0.5911,-3.168,231,region_II
256,E,K,0.04894,-0.34,-3.171,231,region_II
256,E,L,-0.2498,,-2.833,231,region_II
256,E,M,-0.005151,-0.2538,-2.993,231,region_II
256,E,N,0.632,0.2762,-3.503,231,region_II
256,E,P,-0.4617,-0.295,-3.183,231,region_II
256,E,Q,-0.1755,-0.3256,-3.116,231,region_II
256,E,R,0.2197,-0.9711,-2.897,231,region_II
256,E,S,0.02286,-0.1038,-3.209,231,region_II
256,E,T,-0.1295,-0.8561,-3.263,231,region_II
256,E,V,-0.5724,-0.02275,-3.369,231,region_II
256,E,W,-0.1287,,-2.87,231,region_II
256,E,Y,0.05624,-0.1128,-3.326,231,region_II
257,L,A,0.1174,-0.2264,-2.176,232,region_II
257,L,C,-0.1617,-0.5065,-2.769,232,region_II
257,L,D,0.107,0.113,-2.972,232,region_II
257,L,E,-0.2122,-0.612,-3.418,232,region_II
257,L,F,0.378,-0.05451,-0.6202,232,region_II
257,L,G,-0.1829,0.04777,-3.18,232,region_II
257,L,H,-0.109,-0.5609,-3.372,232,region_II
257,L,I,-0.04505,0.4587,0.3846,232,region_II
257,L,K,,,-3.431,232,region_II
257,L,L,0,0,0,232,region_II
257,L,M,-0.004033,0.191,0.1848,232,region_II
257,L,N,0.169,0.07426,-3.022,232,region_II
257,L,P,,-0.408,-3.111,232,region_II
257,L,Q,-0.176,0.2703,-3.253,232,region_II
257,L,R,0.06039,-0.2071,-3.128,232,region_II
257,L,S,0.008031,,-3.347,232,region_II
257,L,T,0.03229,0.04337,-2.982,232,region_II
257,L,V,-0.2476,-0.4394,0.4866,232,region_II
257,L,W,,-1.255,-2.947,232,region_II
257,L,Y,-0.08152,0.03991,-0.4226,232,region_II
258,L,A,-0.2973,-0.04523,-1.011,233,region_II
258,L,C,0.002873,-0.05085,-2.227,233,region_II
258,L,D,-0.114,-0.3178,-1.813,233,region_II
258,L,E,-0.0848,0.01067,-1.855,233,region_II
258,L,F,0.5073,0.5687,-0.1515,233,region_II
258,L,G,-0.04713,0.08016,-1.32,233,region_II
258,L,H,0.0675,-0.4089,-1.124,233,region_II
258,L,I,-0.1844,-0.3877,-0.3194,233,region_II
258,L,K,-0.01994,-0.1474,-0.2963,233,region_II
258,L,L,0,0,0,233,region_II
258,L,M,-0.1225,-0.007659,0.241,233,region_II
258,L,N,0.1637,0.1127,-0.2062,233,region_II
258,L,P,-0.02243,-0.4585,-3.417,233,region_II
258,L,Q,0.09226,-0.0617,0.4738,233,region_II
258,L,R,0.3736,-0.01102,-1.536,233,region_II
258,L,S,-0.3896,-0.04909,-0.9363,233,region_II
258,L,T,,,-2.358,233,region_II
258,L,V,0.3949,-0.1169,-1.127,233,region_II
258,L,W,-0.05699,0.2445,-0.4191,233,region_II
258,L,Y,0.2499,0.2519,0.4681,233,region_II
259,S,A,0.01197,0.04122,0.319,234,region_II
259,S,C,-0.04905,-0.06674,-0.8361,234,region_II
259,S,D,0.05616,0.1339,0.2963,234,region_II
259,S,E,0.0009163,-0.009735,0.5099,234,region_II
259,S,F,,,-2.689,234,region_II
259,S,G,-0.03237,0.1828,0.3763,234,region_II
259,S,H,-0.1376,-0.1686,-0.5664,234,region_II
259,S,I,-0.2402,0.09883,-0.7246,234,region_II
259,S,K,0.1157,0.1708,-1.183,234,region_II
259,S,L,0.0827,0.00833,-0.2629,234,region_II
259,S,M,-0.4353,0.121,0.8853,234,region_II
259,S,N,0.03619,0.06105,0.08902,234,region_II
259,S,P,0.01185,-0.7198,-3.236,234,region_II
259,S,Q,-0.07828,-0.1267,-0.1837,234,region_II
259,S,R,0.3726,-0.1736,-0.6529,234,region_II
259,S,S,0,0,0,234,region_II
259,S,T,-0.04485,0.07924,-0.6014,234,region_II
259,S,V,-0.09413,-0.4651,0.103,234,region_II
259,S,W,-0.1915,-0.2512,-0.907,234,region_II
259,S,Y,0.08551,-0.09338,-0.00391,234,region_II
260,L,A,-0.1219,-0.6328,-1.184,235,region_II
260,L,C,-0.1663,-0.302,-2.006,235,region_II
260,L,D,,,-3.151,235,region_II
260,L,E,-0.2415,-0.1104,-1.525,235,region_II
260,L,F,0.02019,-0.04878,-0.7907,235,region_II
260,L,G,0.2664,,-3.381,235,region_II
260,L,H,,-0.3288,-1.881,235,region_II
260,L,L,0,0,0,235,region_II
260,L,M,-0.05921,,0.162,235,region_II
260,L,P,0.3457,-0.9954,-3.218,235,region_II
260,L,Q,-0.5312,0.1828,-0.998,235,region_II
260,L,S,-0.1488,-0.8991,-1.633,235,region_II
260,L,V,-0.1072,-0.06778,0.7192,235,region_II
260,L,W,-0.2395,-1.368,-3.417,235,region_II
260,L,Y,-0.2521,-0.05761,-2.091,235,region_II
261,I,A,0.1734,-0.3586,-3.438,236,region_II
261,I,C,0.0186,-0.55,-3.495,236,region_II
261,I,D,,,-3.331,236,region_II
261,I,E,-0.1936,-0.7793,-2.647,236,region_II
261,I,F,0.4433,-1.111,-2.284,236,region_II
261,I,G,-0.1792,-0.3893,-3.274,236,region_II
261,I,H,0.02036,-0.6258,-3.198,236,region_II
261,I,I,0,0,0,236,region_II
261,I,K,0.02665,-0.2411,-3.375,236,region_II
261,I,L,-0.05064,0.3351,-0.7953,236,region_II
261,I,M,0.3906,-0.2525,-1.353,236,region_II
261,I,N,0.3809,-0.1856,-3.28,236,region_II
261,I,P,0.2735,0.2505,-3.397,236,region_II
261,I,Q,0.2689,-0.4601,-3.448,236,region_II
261,I,R,0.1077,0.1312,-3.314,236,region_II
261,I,S,-0.05526,-0.4994,-3.345,236,region_II
261,I,T,-0.03882,-0.2328,-3.234,236,region_II
261,I,V,-0.06286,-0.1907,0.1159,236,region_II
261,I,W,-0.01034,0.2926,-3.416,236,region_II
262,N,A,0.0881,0.102,-0.3181,237,region_II
262,N,C,-0.6396,-0.3691,-1.45,237,region_II
262,N,D,0.4889,0.1016,-1.528,237,region_II
262,N,E,0.2217,0.1298,-0.8721,237,region_II
262,N,F,0.005217,0.4128,-1.681,237,region_II
262,N,G,0.002386,0.04199,-0.3592,237,region_II
262,N,H,0.2031,-0.1552,-0.7451,237,region_II
262,N,I,-0.06651,-0.09274,-1.232,237,region_II
262,N,K,0.4239,0.1935,-0.9413,237,region_II
262,N,L,0.1915,0.2809,-0.05721,237,region_II
262,N,M,0.323,0.2014,-0.5605,237,region_II
262,N,N,0,0,0,237,region_II
262,N,P,,-0.7992,-3.157,237,region_II
262,N,Q,0.2361,0.05746,-0.06245,237,region_II
262,N,R,0.3938,0.03951,-0.1165,237,region_II
262,N,S,0.06471,0.2204,-0.5964,237,region_II
262,N,T,0.01877,-0.03475,-0.6435,237,region_II
262,N,V,0.385,0.02584,-0.5399,237,region_II
262,N,W,0.115,-0.03039,-1.663,237,region_II
262,N,Y,-0.1853,0.2859,-0.3157,237,region_II
263,D,A,-0.2691,-0.3087,-1.854,238,region_II
263,D,C,-0.07022,-0.1102,-0.9056,238,region_II
263,D,D,0,0,0,238,region_II
263,D,E,-0.09094,0.05034,0.2547,238,region_II
263,D,F,-0.01369,0.3418,0.1066,238,region_II
263,D,G,0.1246,-0.05262,-1.665,238,region_II
263,D,H,-0.03345,-0.2648,-1.043,238,region_II
263,D,I,0.3435,0.02045,-1.678,238,region_II
263,D,K,,,-3.191,238,region_II
263,D,L,0.2866,0.1333,-1.448,238,region_II
263,D,M,0.2162,0.1367,-1.442,238,region_II
263,D,N,-0.1106,-0.106,-1.587,238,region_II
263,D,P,-0.009101,,-3.42,238,region_II
263,D,Q,0.08612,-0.2017,-0.3557,238,region_II
263,D,R,-0.01215,-0.4949,-3.058,238,region_II
263,D,S,0.2177,-0.2502,-2.03,238,region_II
263,D,T,0.1399,0.0744,-0.3436,238,region_II
263,D,V,0.02554,0.04446,-0.4175,238,region_II
263,D,W,0.7896,0.1633,-1.538,238,region_II
263,D,Y,-0.2658,-0.0157,0.04643,238,region_II
264,M,A,-0.2839,0.003567,-2.351,239,region_II
264,M,C,-0.1848,-0.4226,-2.779,239,region_II
264,M,D,0.3386,0.2088,-2.877,239,region_II
264,M,E,-0.07838,-0.4109,-3.393,239,region_II
264,M,F,0.04548,-0.1842,-1.677,239,region_II
264,M,G,-0.1222,-0.2169,-3.519,239,region_II
264,M,H,-0.1002,-0.2545,-3.385,239,region_II
264,M,I,0.3022,0.3155,-0.9852,239,region_II
264,M,K,-0.6933,-0.307,-3.401,239,region_II
264,M,L,0.1662,0.1501,-1.249,239,region_II
264,M,M,0,0,0,239,region_II
264,M,N,-0.1296,-0.3922,-3.398,239,region_II
264,M,P,0.7199,-0.5115,-3.367,239,region_II
264,M,Q,0.1499,-0.152,-3.176,239,region_II
264,M,R,0.1768,0.08214,-3.29,239,region_II
264,M,S,0.3636,-1.455,-3.433,239,region_II
264,M,T,-0.0177,-0.226,-3.292,239,region_II
264,M,V,0.2061,-0.02966,-2.925,239,region_II
264,M,W,0.6021,0.1494,-3.208,239,region_II
264,M,Y,-0.03042,-0.5841,-3.412,239,region_II
265,P,A,0.1288,,-1.253,240,region_II
265,P,C,-0.2298,-0.3669,-3.44,240,region_II
265,P,D,1.2,-0.374,-3.29,240,region_II
265,P,E,-0.087,0.125,-3.367,240,region_II
265,P,F,-0.02652,-0.5867,-2.993,240,region_II
265,P,G,0.2669,-0.06367,-1.504,240,region_II
265,P,H,0.01798,0.08463,-1.284,240,region_II
265,P,I,-0.01097,-0.2625,-2.32,240,region_II
265,P,K,0.5499,-0.7711,-3.378,240,region_II
265,P,L,0.2047,0.2317,-3.149,240,region_II
265,P,M,-0.1133,,-3.021,240,region_II
265,P,N,0.07778,,-3.392,240,region_II
265,P,P,0,0,0,240,region_II
265,P,Q,0.07695,0.1314,0.4892,240,region_II
265,P,R,0.1207,0.151,-1.361,240,region_II
265,P,S,0.2028,0.004924,-1.546,240,region_II
265,P,T,0.2726,-0.2294,-1.781,240,region_II
265,P,V,0.09136,-0.4602,-1.009,240,region_II
265,P,W,-0.2114,-0.2571,-3.135,240,region_II
265,P,Y,-0.01409,-0.06956,-2.227,240,region_II
266,I,A,0.02976,0.1515,-0.876,241,region_II
266,I,C,-0.08475,,-0.861,241,region_II
266,I,D,,,-3.401,241,region_II
266,I,E,-0.09203,-0.01465,-3.096,241,region_II
266,I,F,-0.4761,-0.453,-3.452,241,region_II
266,I,G,-0.04172,0.4472,-2.315,241,region_II
266,I,H,,,-3.244,241,region_II
266,I,I,0,0,0,241,region_II
266,I,K,-0.4762,-0.8678,-3.414,241,region_II
266,I,L,-0.0682,-0.1904,-1.309,241,region_II
266,I,M,-0.009749,-0.1374,-0.2329,241,region_II
266,I,N,-0.00588,-0.1,-2.354,241,region_II
266,I,P,0.4773,0.004807,-3.235,241,region_II
266,I,Q,-0.07762,0.1195,-2.332,241,region_II
266,I,R,,-0.7623,-3.449,241,region_II
266,I,S,-0.3376,,-1.719,241,region_II
266,I,T,0.1419,0.1112,-0.4451,241,region_II
266,I,V,0.008861,-0.2301,0.2389,241,region_II
266,I,W,,,-3.436,241,region_II
266,I,Y,-0.05074,-0.2169,-3.461,241,region_II
267,T,A,0.9731,,-3.416,242,region_II
267,T,C,,,-3.385,242,region_II
267,T,D,,,-3.452,242,region_II
267,T,E,-0.7081,0.7454,-3.449,242,region_II
267,T,F,1.094,-0.08493,-1.038,242,region_II
267,T,G,,,-2.282,242,region_II
267,T,H,2.163,-0.1655,-3.49,242,region_II
267,T,I,0.02049,-0.883,-3.378,242,region_II
267,T,K,,,-3.342,242,region_II
267,T,L,-0.07341,,-3.315,242,region_II
267,T,M,,,-3.478,242,region_II
267,T,N,0.08431,0.01824,-3.502,242,region_II
267,T,P,-0.0207,0.06822,-3.488,242,region_II
267,T,Q,,,-3.224,242,region_II
267,T,R,0.09927,,-3.481,242,region_II
267,T,S,,,-3.387,242,region_II
267,T,T,0,0,0,242,region_II
267,T,V,-0.2344,-0.5056,-3.407,242,region_II
267,T,W,0.1774,0.1606,-0.8238,242,region_II
267,T,Y,0.7572,0.813,0.5733,242,region_II
268,N,A,,,-3.151,243,region_II
268,N,C,-0.02087,0.03183,-3.08,243,region_II
268,N,D,0.9451,0.1137,-2.764,243,region_II
268,N,E,0.5894,-0.1968,-2.976,243,region_II
268,N,F,0.4669,0.1166,-0.6552,243,region_II
268,N,G,0.1101,0.16,-3.489,243,region_II
268,N,H,0.4383,-0.0008778,-1.159,243,region_II
268,N,I,0.0803,0.06846,-1.677,243,region_II
268,N,K,0.1121,-0.2947,-3.494,243,region_II
268,N,L,0.247,0.4785,0.0118,243,region_II
268,N,M,0.2072,0.1747,-1.453,243,region_II
268,N,N,0,0,0,243,region_II
268,N,P,0.0486,-0.03949,-0.6406,243,region_II
268,N,Q,0.2667,0.07342,-0.788,243,region_II
268,N,R,0.7076,0.06035,-3.422,243,region_II
268,N,S,0.2765,-0.2625,-3.409,243,region_II
268,N,T,0.5476,-0.002751,-3.222,243,region_II
268,N,V,,,-1.593,243,region_II
268,N,W,0.8044,0.9517,-0.7984,243,region_II
268,N,Y,0.4378,1.184,-1.195,243,region_II
269,D,A,0.2764,0.1866,-1.913,244,region_II
269,D,C,0.03777,-0.02695,-1.931,244,region_II
269,D,D,0,0,0,244,region_II
269,D,E,0.2506,0.2278,-2.85,244,region_II
269,D,F,0.1702,-0.6862,-3.34,244,region_II
269,D,G,,,-3.386,244,region_II
269,D,H,,0.002139,-3.487,244,region_II
269,D,I,0.4008,-0.4255,-3.469,244,region_II
269,D,K,,,-3.431,244,region_II
269,D,L,0.1627,-0.2036,-2.675,244,region_II
269,D,M,0.1559,-0.5727,-3.046,244,region_II
269,D,N,-0.2945,-1.1,-3.319,244,region_II
269,D,P,,,-3.452,244,region_II
269,D,Q,-0.05777,,-3.442,244,region_II
269,D,R,0.4329,-1.215,-3.482,244,region_II
269,D,S,-0.08177,-0.4121,-3.404,244,region_II
269,D,T,0.01972,-0.5905,-3.393,244,region_II
269,D,V,0.1355,-1.236,-3.335,244,region_II
269,D,W,0.1202,,-3.3,244,region_II
269,D,Y,-0.3715,-1.055,-3.432,244,region_II
270,Q,A,-0.07937,-0.07507,-2.873,245,region_II
270,Q,C,0.3137,-0.4845,-2.35,245,region_II
270,Q,E,,,-3.444,245,region_II
270,Q,F,-0.5692,,-3.47,245,region_II
270,Q,G,-0.1054,-0.2503,-2.23,245,region_II
270,Q,H,-0.2041,-0.5697,-3.474,245,region_II
270,Q,I,0.01455,0.1701,-3.482,245,region_II
270,Q,K,0.3623,-0.2516,-3.423,245,region_II
270,Q,L,0.1074,-0.6628,-3.447,245,region_II
270,Q,M,-0.02206,-0.1333,-3.337,245,region_II
270,Q,N,-0.03088,-0.4237,-2.448,245,region_II
270,Q,P,0.2396,-0.5694,-3.119,245,region_II
270,Q,Q,0,0,0,245,region_II
270,Q,R,-0.04024,-0.875,-3.478,245,region_II
270,Q,S,,,-3.427,245,region_II
270,Q,V,0.8228,-0.01434,-0.9464,245,region_II
270,Q,W,-0.0958,-0.5197,-3.37,245,region_II
270,Q,Y,,,-3.494,245,region_II
271,K,A,-0.0738,-0.05806,-1.744,246,region_II
271,K,C,0.4012,-0.976,-3.29,246,region_II
271,K,D,-0.006812,0.1759,-3.383,246,region_II
271,K,E,-0.03841,-0.02409,-3.334,246,region_II
271,K,F,0.1934,,-3.284,246,region_II
271,K,G,-0.02217,-0.2946,-3.261,246,region_II
271,K,H,0.9874,-0.1417,-3.207,246,region_II
271,K,I,-0.1609,0.09689,-3.432,246,region_II
271,K,K,0,0,0,246,region_II
271,K,L,0.5394,,-3.468,246,region_II
271,K,M,-0.03089,0.1072,-1.475,246,region_II
271,K,N,-0.218,-0.836,-3.483,246,region_II
271,K,P,-0.0844,-0.07179,-3.293,246,region_II
271,K,Q,0.2427,0.4428,-2.025,246,region_II
271,K,R,0.1345,0.1116,-0.3054,246,region_II
271,K,S,-0.2365,-0.5533,-3.095,246,region_II
271,K,T,0.2594,,-3.492,246,region_II
271,K,V,-0.2157,-0.3044,-3.362,246,region_II
271,K,W,,,-3.407,246,region_II
271,K,Y,0.09173,-0.4506,-3.436,246,region_II
272,K,A,-0.1755,-0.004481,0.563,247,region_II
272,K,C,0.3725,-0.3105,-0.6739,247,region_II
272,K,D,-0.05539,0.1923,-0.7846,247,region_II
272,K,E,-0.3942,0.2142,-0.0422,247,region_II
272,K,F,0.3097,0.3455,0.6052,247,region_II
272,K,G,-0.09493,0.1734,0.4768,247,region_II
272,K,H,0.07826,0.008698,-1.052,247,region_II
272,K,I,0.07575,0.1174,0.08894,247,region_II
272,K,K,0,0,0,247,region_II
272,K,L,0.1472,0.02581,0.5058,247,region_II
272,K,M,0.01311,0.02886,1.055,247,region_II
272,K,N,-0.03961,-0.0005048,-0.1744,247,region_II
272,K,P,,,-3.308,247,region_II
272,K,Q,-0.1608,-0.09391,-0.2941,247,region_II
272,K,R,-0.03567,0.08519,0.3009,247,region_II
272,K,S,0.4029,-0.06461,-0.1025,247,region_II
272,K,T,-0.02446,-0.1907,-0.05929,247,region_II
272,K,V,0.05376,0.03941,0.4532,247,region_II
272,K,W,0.05063,0.1002,1.184,247,region_II
272,K,Y,0.123,0.1889,0.4705,247,region_II
273,L,C,-0.006769,0.197,-0.4744,248,region_II
273,L,D,-0.6074,,-3.41,248,region_II
273,L,E,0.3455,0.05753,-2.694,248,region_II
273,L,F,0.7548,1.373,-3.478,248,region_II
273,L,G,0.1095,-1.004,-3.438,248,region_II
273,L,H,-0.04792,,-2.071,248,region_II
273,L,K,-0.3812,-0.9039,-3.393,248,region_II
273,L,L,0,0,0,248,region_II
273,L,M,0.09006,-0.01625,-1.577,248,region_II
273,L,N,0.5579,-0.3995,-3.357,248,region_II
273,L,P,,,-3.314,248,region_II
273,L,Q,-0.8558,-0.5931,-1.51,248,region_II
273,L,R,0.08879,0.5015,-2.927,248,region_II
273,L,S,-0.01125,-0.6849,-2.99,248,region_II
273,L,T,0.01194,0.08161,-0.6235,248,region_II
273,L,V,-0.331,-0.2325,-0.4527,248,region_II
273,L,W,,-0.04458,-3.482,248,region_II
273,L,Y,0.009607,-0.3763,-2.388,248,region_II
274,M,A,0.4113,0.03967,-1.734,249,region_II
274,M,C,-0.08513,-0.0148,-1.488,249,region_II
274,M,D,-0.04865,0.1128,-3.308,249,region_II
274,M,E,,-1.109,-3.492,249,region_II
274,M,F,0.1149,-0.3605,-3.487,249,region_II
274,M,G,0.3226,0.196,-3.208,249,region_II
274,M,H,,,-2.191,249,region_II
274,M,I,0.1319,0.02962,-2.139,249,region_II
274,M,K,-0.1155,-0.7825,-3.389,249,region_II
274,M,L,0.2238,-0.04108,-3.429,249,region_II
274,M,M,0,0,0,249,region_II
274,M,N,,0.002177,-3.42,249,region_II
274,M,P,0.6973,,-2.979,249,region_II
274,M,Q,0.04578,-0.4843,-2.811,249,region_II
274,M,R,,,-3.077,249,region_II
274,M,S,0.4325,-0.09386,-3.075,249,region_II
274,M,T,-0.2936,-0.1263,-2.718,249,region_II
274,M,V,0.1941,0.2075,-2.163,249,region_II
274,M,W,-0.2286,,-3.426,249,region_II
274,M,Y,,,-2.186,249,region_II
275,S,A,,,0.3317,250,region_II
275,S,C,-0.02224,0.1091,0.3128,250,region_II
275,S,D,0.1112,0.04523,-1.294,250,region_II
275,S,E,,,-1.201,250,region_II
275,S,F,0.3135,0.3107,-0.224,250,region_II
275,S,G,0.04812,0.01454,-0.2714,250,region_II
275,S,H,0.0005927,0.08965,-0.6743,250,region_II
275,S,I,-0.2249,-0.02177,-0.1877,250,region_II
275,S,K,-0.1468,-0.07745,-0.4841,250,region_II
275,S,L,0.07335,-0.2549,0.1625,250,region_II
275,S,M,-0.1737,0.1362,1.21,250,region_II
275,S,N,-0.05696,-0.1403,-0.7922,250,region_II
275,S,P,-0.4807,-0.6696,-3.349,250,region_II
275,S,Q,-0.03184,-0.05799,-0.1751,250,region_II
275,S,R,0.2953,0.03694,-0.7186,250,region_II
275,S,S,0,0,0,250,region_II
275,S,T,0.1299,-0.3169,-0.2213,250,region_II
275,S,V,-0.2336,0.06511,-0.5424,250,region_II
275,S,W,0.0172,0.03289,-0.4577,250,region_II
275,S,Y,0.03034,0.1091,0.376,250,region_II
276,N,A,0.04734,-0.1056,-0.2106,251,region_II
276,N,C,-0.05184,0.1396,-0.2222,251,region_II
276,N,D,-0.255,-0.15,-0.475,251,region_II
276,N,E,-0.03305,-0.1932,-0.004644,251,region_II
276,N,F,0.1248,0.3264,0.3007,251,region_II
276,N,G,0.3055,0.05919,0.4194,251,region_II
276,N,H,0.1426,0.0744,0.2702,251,region_II
276,N,I,0.2343,0.1393,0.5934,251,region_II
276,N,K,0.2477,0.3604,0.2751,251,region_II
276,N,L,0.2011,0.1642,1.488,251,region_II
276,N,M,0.01793,0.06817,0.3573,251,region_II
276,N,N,0,0,0,251,region_II
276,N,P,0.2699,,-2.567,251,region_II
276,N,Q,0.03581,0.3605,-0.2375,251,region_II
276,N,R,0.1616,0.543,-0.1495,251,region_II
276,N,S,0.003131,0.137,0.6944,251,region_II
276,N,T,0.09058,0.1821,0.1567,251,region_II
276,N,V,-0.07828,-0.35,0.7984,251,region_II
276,N,W,0.09505,-0.0003591,0.5269,251,region_II
276,N,Y,0.03069,0.1252,-0.1371,251,region_II
277,N,A,-0.5093,-0.4461,0.3065,252,region_II
277,N,C,-0.08785,-0.5489,-1.922,252,region_II
277,N,D,-0.0765,-0.2881,-3.038,252,region_II
277,N,E,,-0.6819,-3.451,252,region_II
277,N,F,0.4424,-0.1494,-1.387,252,region_II
277,N,G,-0.1772,-0.1384,-0.174,252,region_II
277,N,H,-0.05067,0.2797,0.3022,252,region_II
277,N,I,-0.2572,-0.8229,-3.373,252,region_II
277,N,K,-0.1928,0.04654,-1.943,252,region_II
277,N,L,,,-3.002,252,region_II
277,N,M,0.008175,-0.1305,0.0094,252,region_II
277,N,N,0,0,0,252,region_II
277,N,P,-0.1254,,-3.175,252,region_II
277,N,Q,-0.2374,0.1157,-0.7298,252,region_II
277,N,R,,-1.07,-3.171,252,region_II
277,N,S,0.01922,-0.04693,-1.265,252,region_II
277,N,T,0.02412,0.08677,-0.6063,252,region_II
277,N,V,0.02822,-0.589,-2.901,252,region_II
277,N,W,0.427,0.3948,-3.357,252,region_II
277,N,Y,-0.2914,,-1.836,252,region_II
278,V,A,-0.1932,0.00826,-0.4012,253,none
278,V,C,0.08984,0.1093,-0.7779,253,none
278,V,D,,-1.018,-3.497,253,none
278,V,E,,,-3.483,253,none
278,V,F,,,-3.383,253,none
278,V,G,0.003863,-0.0731,-1.731,253,none
278,V,H,-0.1564,,-2.748,253,none
278,V,I,0.05953,0.7878,-0.6039,253,none
278,V,K,-0.3996,-0.9111,-3.152,253,none
278,V,L,-0.2581,0.2095,-3.159,253,none
278,V,M,0.3114,-0.06225,-1.659,253,none
278,V,N,-0.3801,-1.166,-3.216,253,none
278,V,P,0.1545,0.2837,0.7993,253,none
278,V,Q,-0.5148,,-3.026,253,none
278,V,R,-0.2625,0.1788,-0.7106,253,none
278,V,S,-0.02676,0.1282,-3.24,253,none
278,V,T,0.2414,,-1.551,253,none
278,V,V,0,0,0,253,none
278,V,W,-0.2134,,-3.496,253,none
278,V,Y,0.8665,,-3.018,253,none
279,Q,A,-0.04028,0.1738,-2.771,254,none
279,Q,C,0.1805,0.1056,-2.104,254,none
279,Q,D,-0.09776,,-3.407,254,none
279,Q,E,0.2389,,-3.441,254,none
279,Q,F,-0.0788,,-3.245,254,none
279,Q,G,0.2948,0.254,-3.279,254,none
279,Q,H,,0.08141,-2.236,254,none
279,Q,I,0.1655,-0.4022,-2.893,254,none
279,Q,K,-0.1099,-0.1448,-3.341,254,none
279,Q,L,0.4056,-0.3311,-3.319,254,none
279,Q,M,0.07154,-0.01656,-0.3009,254,none
279,Q,N,0.1963,-0.0009367,-2.285,254,none
279,Q,P,,,-3.246,254,none
279,Q,Q,0,0,0,254,none
279,Q,R,-0.0997,-0.3731,-3.476,254,none
279,Q,S,-0.08331,0.3673,-3.269,254,none
279,Q,T,,,-3.454,254,none
279,Q,V,-0.3153,-0.04706,-0.826,254,none
279,Q,W,0.12,,-1.837,254,none
279,Q,Y,-0.1089,0.07331,-3.125,254,none
280,I,A,0.2139,-0.6223,-3.376,255,none
280,I,C,0.4184,,-3.41,255,none
280,I,D,-0.2508,-0.1027,-3.372,255,none
280,I,E,,-0.0207,-3.444,255,none
280,I,F,0.1516,-0.1649,-1.321,255,none
280,I,G,,,-3.45,255,none
280,I,H,0.004283,-0.3531,-2.627,255,none
280,I,I,0,0,0,255,none
280,I,K,0.2865,-1.274,-3.482,255,none
280,I,L,-0.07207,-0.4353,-0.5876,255,none
280,I,M,-0.04146,-0.01867,-3.416,255,none
280,I,N,-0.1459,-0.3909,-3.387,255,none
280,I,P,,,-3.479,255,none
280,I,Q,0.09728,0.1113,-3.169,255,none
280,I,R,1.235,0.5572,-2.433,255,none
280,I,S,-0.01741,-0.5043,-3.479,255,none
280,I,T,-0.2181,-1.373,-3.234,255,none
280,I,V,-0.07847,0.09525,-0.3683,255,none
280,I,W,0.1198,1.065,-1.749,255,none
280,I,Y,-0.3084,-0.002257,-1.779,255,none
281,V,A,0.1515,0.0499,-1.111,256,none
281,V,C,,0.06543,-3.083,256,none
281,V,D,-0.1664,-0.8298,-3.288,256,none
281,V,E,-0.05661,0.02819,-3.361,256,none
281,V,F,0.2702,-0.6318,-3.252,256,none
281,V,G,-0.3657,0.2289,-3.442,256,none
281,V,H,0.1296,-0.7119,-3.076,256,none
281,V,I,0.02821,-0.1527,-0.7213,256,none
281,V,K,0.3973,1.025,-3.031,256,none
281,V,L,0.01265,-0.04311,-1.325,256,none
281,V,M,0.05695,0.1614,-0.3133,256,none
281,V,N,,,-3.247,256,none
281,V,P,-0.0123,-0.4303,-3.393,256,none
281,V,Q,0.04304,0.0386,-3.409,256,none
281,V,R,-0.06001,-0.4105,-3.269,256,none
281,V,S,-0.004123,-0.4059,-3.215,256,none
281,V,T,0.214,0.1732,-1.859,256,none
281,V,V,0,0,0,256,none
281,V,W,-0.1821,,-3.493,256,none
281,V,Y,0.08507,0.2808,-3.174,256,none
282,R,A,,,-3.417,257,none
282,R,C,0.1998,0.4788,-3.112,257,none
282,R,D,,-1.25,-3.054,257,none
282,R,E,,,-2.974,257,none
282,R,F,0.05249,,-3.071,257,none
282,R,G,0.4103,-0.7433,-3.01,257,none
282,R,H,,,-3.442,257,none
282,R,I,-0.1847,-1.002,-3.32,257,none
282,R,K,-0.4034,-0.1984,-3.224,257,none
282,R,L,-0.1774,-0.8728,-3.337,257,none
282,R,M,,-0.8908,-3.348,257,none
282,R,N,0.3913,,-3.164,257,none
282,R,P,,,-3.082,257,none
282,R,Q,0.7414,0.1938,-3.321,257,none
282,R,R,0,0,0,257,none
282,R,S,0.01672,-0.34,-3.352,257,none
282,R,T,0.01601,-0.2151,-3.373,257,none
282,R,V,,-0.6672,-3.253,257,none
282,R,W,,-0.07475,-2.958,257,none
282,R,Y,-0.2667,-0.7532,-3.466,257,none
283,Q,A,-0.04108,0.2862,-1.061,258,none
283,Q,C,-0.00899,0.09805,-0.9568,258,none
283,Q,D,,-0.9801,-3.463,258,none
283,Q,E,0.06098,-0.3015,-3.423,258,none
283,Q,F,0.2486,,-1.559,258,none
283,Q,G,-0.02341,-0.09215,0.5543,258,none
283,Q,H,0.346,-0.2185,-0.8381,258,none
283,Q,I,0.4451,0.1806,-1.26,258,none
283,Q,K,0.2238,0.2111,-1.196,258,none
283,Q,L,0.03684,0.2877,0.6679,258,none
283,Q,M,-0.0262,-0.5668,-0.3189,258,none
283,Q,N,-0.462,,-3.447,258,none
283,Q,P,,,-3.388,258,none
283,Q,Q,0,0,0,258,none
283,Q,R,0.2578,-0.005881,-1.184,258,none
283,Q,S,-0.1212,-0.277,-1.197,258,none
283,Q,T,0.04157,0.03611,-0.06525,258,none
283,Q,V,-0.03853,-0.6216,-1.286,258,none
283,Q,W,0.6097,0.04928,-2.194,258,none
283,Q,Y,0.3223,0.188,-1.452,258,none
284,Q,A,-0.3195,-0.3928,-0.8397,259,none
284,Q,C,-0.05935,0.05963,-1.628,259,none
284,Q,F,-0.1129,0.1792,0.5216,259,none
284,Q,G,-0.1691,-0.1279,-0.6303,259,none
284,Q,H,0.661,0.4052,0.3434,259,none
284,Q,I,,,0.1015,259,none
284,Q,K,-0.2538,0.1936,-0.4398,259,none
284,Q,L,-0.1842,0.0039,-0.9428,259,none
284,Q,M,0.1466,0.2155,-0.7637,259,none
284,Q,N,-0.3346,-0.07933,-0.5727,259,none
284,Q,P,0.2426,,-2.268,259,none
284,Q,Q,0,0,0,259,none
284,Q,R,-0.404,,-1.312,259,none
284,Q,S,-0.115,0.075,-1.47,259,none
284,Q,T,-0.05963,-0.2684,-1.569,259,none
284,Q,V,-0.216,-1.217,-1.642,259,none
284,Q,W,-0.2534,0.2456,-0.9509,259,none
284,Q,Y,-0.1422,0.1745,-0.0421,259,none
285,S,A,-0.1322,-0.2553,-0.3294,260,none
285,S,C,-0.08702,-0.6822,-2.289,260,none
285,S,D,,-0.6745,-3.272,260,none
285,S,E,-0.3154,-0.8627,-3.168,260,none
285,S,F,0.1148,-0.2053,-2.98,260,none
285,S,G,-0.006198,0.3169,-0.1605,260,none
285,S,H,-0.005839,0.363,-3.131,260,none
285,S,I,-0.3167,0.149,-3.431,260,none
285,S,L,-0.1395,-0.6784,-3.207,260,none
285,S,M,0.5303,1.017,-1.489,260,none
285,S,N,0.01282,-0.3325,-3.376,260,none
285,S,Q,-0.3788,-0.6396,-3.399,260,none
285,S,R,0.4069,-0.07058,-3.229,260,none
285,S,S,0,0,0,260,none
285,S,T,0.2131,-0.4297,-2.345,260,none
285,S,V,-0.1694,-0.9024,-2.997,260,none
285,S,W,,-0.8024,-3.225,260,none
285,S,Y,-0.02412,,-2.451,260,none
286,Y,A,,,-3.204,261,none
286,Y,C,-0.1041,-0.8081,-3.212,261,none
286,Y,D,-0.003782,0.2236,-3.208,261,none
286,Y,E,-0.1267,,-2.984,261,none
286,Y,F,0.06057,-0.6466,-0.6674,261,none
286,Y,G,0.7269,-0.5156,-3.079,261,none
286,Y,H,-0.007505,-0.2888,-1.581,261,none
286,Y,I,-0.04924,-0.1867,-3.421,261,none
286,Y,K,,,-3.069,261,none
286,Y,L,-0.12,,-3.401,261,none
286,Y,M,-0.2077,-0.003416,-3.088,261,none
286,Y,N,0.1081,0.1258,-3.075,261,none
286,Y,P,,,-3.311,261,none
286,Y,Q,-0.1866,0.1719,-3.046,261,none
286,Y,R,-0.1107,0.06711,-3.21,261,none
286,Y,S,,,-3.175,261,none
286,Y,T,0.0475,-0.3655,-3.539,261,none
286,Y,V,,-0.9589,-3.461,261,none
286,Y,W,-0.07165,0.1385,-0.5315,261,none
286,Y,Y,0,0,0,261,none
287,S,A,0.09787,0.07419,-0.1191,262,region_V
287,S,C,0.3221,0.06797,-0.2703,262,region_V
287,S,D,-0.3702,,-3.468,262,region_V
287,S,E,-0.0195,-0.4306,-3.42,262,region_V
287,S,F,-0.02689,0.09341,-3.075,262,region_V
287,S,G,-0.01747,0.06126,-0.1194,262,region_V
287,S,H,0.01229,-0.1698,-2.807,262,region_V
287,S,I,-0.2612,-0.4439,-3.259,262,region_V
287,S,K,-0.009957,-0.7673,-2.992,262,region_V
287,S,L,-0.03681,,-3.406,262,region_V
287,S,M,0.0531,-0.6514,-3.168,262,region_V
287,S,N,-0.04303,-0.3054,-3.175,262,region_V
287,S,Q,,,-3.16,262,region_V
287,S,R,-0.2292,-0.1586,-3.389,262,region_V
287,S,S,0,0,0,262,region_V
287,S,T,-0.2412,-0.1481,-0.2908,262,region_V
287,S,V,0.3761,-0.5923,-1.143,262,region_V
287,S,W,-0.1078,-1.147,-3.385,262,region_V
287,S,Y,0.1917,-0.1183,-3.317,262,region_V
288,I,A,0.04405,0.3581,-3.343,263,region_V
288,I,C,0.04824,-0.6156,-3.141,263,region_V
288,I,D,-0.2627,-0.4123,-3.381,263,region_V
288,I,E,-0.1997,0.6276,-3.388,263,region_V
288,I,F,-0.006892,,-3.157,263,region_V
288,I,G,,,-3.138,263,region_V
288,I,H,-0.0581,-0.2884,-2.329,263,region_V
288,I,I,0,0,0,263,region_V
288,I,K,,,-2.962,263,region_V
288,I,L,-0.07581,0.07621,-0.3032,263,region_V
288,I,M,-0.6233,0.0523,-2.122,263,region_V
288,I,N,0.5415,-0.03572,-3.295,263,region_V
288,I,P,-0.052,-0.6584,-3.466,263,region_V
288,I,Q,-0.2312,-0.481,-3.006,263,region_V
288,I,R,-0.09232,-0.002986,-3.17,263,region_V
288,I,S,0.1067,-0.02171,-3.046,263,region_V
288,I,T,0.2074,0.007776,-3.204,263,region_V
288,I,V,-0.09885,-0.5097,-1.949,263,region_V
288,I,W,-0.137,-0.666,-3.338,263,region_V
288,I,Y,1.548,,-2.954,263,region_V
289,M,A,-0.1583,,-2.691,264,region_V
289,M,C,,,-3.412,264,region_V
289,M,D,0.05725,-0.1168,-3.12,264,region_V
289,M,E,-0.1683,-0.688,-3.18,264,region_V
289,M,F,0.2415,,-3.3,264,region_V
289,M,G,0.179,-0.413,-3.308,264,region_V
289,M,H,-0.08801,-0.1399,-1.474,264,region_V
289,M,I,-0.002759,-0.5687,-3.248,264,region_V
289,M,K,-0.4606,-0.5984,-3.377,264,region_V
289,M,L,,,-3.188,264,region_V
289,M,M,0,0,0,264,region_V
289,M,N,0.1327,,-1.927,264,region_V
289,M,P,-0.2576,-0.5995,-3.077,264,region_V
289,M,Q,-0.02851,,-2.849,264,region_V
289,M,R,-0.2106,0.1393,-3.393,264,region_V
289,M,S,-0.1779,-0.2616,-3.034,264,region_V
289,M,T,-0.0221,-0.1053,-3.17,264,region_V
289,M,V,-0.1793,-0.6403,-3.378,264,region_V
289,M,W,0.02098,0.1903,-1.418,264,region_V
289,M,Y,-0.02078,0.365,-0.5138,264,region_V
290,S,A,0.05759,-0.0122,0.1048,265,region_V
290,S,C,0.4889,-0.1041,-3.048,265,region_V
290,S,E,-0.1928,-1.089,-2.936,265,region_V
290,S,F,-0.1831,-0.6202,-3.272,265,region_V
290,S,G,-0.1328,0.1146,1.021,265,region_V
290,S,H,,-0.8518,-2.954,265,region_V
290,S,I,,,-3.136,265,region_V
290,S,K,-0.08925,-0.1571,-3.093,265,region_V
290,S,L,,-1.448,-3.117,265,region_V
290,S,M,0.02146,0.005238,-3.189,265,region_V
290,S,N,0.5877,-0.6449,-3.005,265,region_V
290,S,P,0.03621,-0.2714,-2.658,265,region_V
290,S,Q,-0.4295,-0.2832,-3.319,265,region_V
290,S,R,,,-3.055,265,region_V
290,S,S,0,0,0,265,region_V
290,S,T,,-1.83,-3.213,265,region_V
290,S,V,-0.407,-0.07047,-3.119,265,region_V
290,S,W,-0.2566,-1.461,-3.194,265,region_V
290,S,Y,0.1715,-1.192,-3.123,265,region_V
291,I,A,-0.1408,-0.1492,-1.049,266,region_V
291,I,C,-0.1457,-0.4042,-1.347,266,region_V
291,I,D,0.3908,-0.3705,-2.958,266,region_V
291,I,E,0.2016,0.02414,-3.391,266,region_V
291,I,F,0.1403,0.0305,-2.011,266,region_V
291,I,G,,,-3.15,266,region_V
291,I,H,-0.442,-0.01794,-2.963,266,region_V
291,I,I,0,0,0,266,region_V
291,I,K,0.03656,-0.8058,-2.857,266,region_V
291,I,L,0.1083,-0.1543,-1.322,266,region_V
291,I,M,0.0187,-0.574,-1.626,266,region_V
291,I,N,0.463,0.1765,-3.119,266,region_V
291,I,P,0.08871,-0.5681,-3.181,266,region_V
291,I,Q,,-0.03625,-2.844,266,region_V
291,I,R,-0.1062,-0.005781,-3.067,266,region_V
291,I,S,-0.1486,-0.04123,-2.303,266,region_V
291,I,T,-0.01082,0.0001946,-1.248,266,region_V
291,I,V,0.09802,0.2063,-0.204,266,region_V
291,I,W,-0.02498,-0.06848,-2.767,266,region_V
291,I,Y,0.5829,,,266,region_V
292,I,C,0.1175,0.7379,-0.7475,267,region_V
292,I,D,0.4291,-0.1383,-2.776,267,region_V
292,I,E,0.3043,-0.8365,-3.221,267,region_V
292,I,F,0.3504,0.3566,-0.7334,267,region_V
292,I,G,0.4862,0.4523,-3.313,267,region_V
292,I,H,-0.0332,-0.551,-2.58,267,region_V
292,I,I,0,0,0,267,region_V
292,I,K,-0.1237,,-3.417,267,region_V
292,I,L,-0.02135,0.2241,-0.9982,267,region_V
292,I,M,0.1583,-0.04107,-0.7372,267,region_V
292,I,N,-0.2619,-0.00749,-2.95,267,region_V
292,I,P,,-0.8159,-3.059,267,region_V
292,I,Q,0.6165,0.4423,-0.4128,267,region_V
292,I,R,-0.2382,-0.9001,-3.016,267,region_V
292,I,S,-0.05327,0.3998,-3.236,267,region_V
292,I,T,0.1235,0.2855,-0.2938,267,region_V
292,I,V,-0.1836,-0.0638,-0.02425,267,region_V
292,I,W,0.2491,0.08449,-0.3327,267,region_V
292,I,Y,-0.2523,,-1.062,267,region_V
293,K,A,-0.1012,0.1074,-0.8654,268,region_V
293,K,C,-0.1854,-0.1906,-0.8217,268,region_V
293,K,D,0.652,0.3542,-0.9931,268,region_V
293,K,E,-0.0477,0.4131,-1.242,268,region_V
293,K,F,0.3499,,-1.09,268,region_V
293,K,G,-0.01254,,-0.6419,268,region_V
293,K,H,-0.2479,,-2.23,268,region_V
293,K,I,-0.2005,0.1529,-0.2418,268,region_V
293,K,K,0,0,0,268,region_V
293,K,L,0.06767,0.3209,0.2383,268,region_V
293,K,M,0.1448,-0.01191,0.2921,268,region_V
293,K,N,-0.2666,-0.4007,-2.173,268,region_V
293,K,P,0.2277,-0.1417,-3.103,268,region_V
293,K,Q,0.09865,-0.1638,-1.562,268,region_V
293,K,R,-0.1175,-0.08463,-0.2411,268,region_V
293,K,S,-0.08507,-0.1613,-1.448,268,region_V
293,K,T,0.07977,0.0333,-1.331,268,region_V
293,K,V,0.0417,-0.01793,0.09925,268,region_V
293,K,W,-0.5631,-0.4129,-1.748,268,region_V
293,K,Y,0.04611,0.1601,-0.06739,268,region_V
294,E,C,-0.0982,0.2341,-0.02613,269,region_V
294,E,D,-0.01407,0.4613,0.05391,269,region_V
294,E,E,0,0,0,269,region_V
294,E,F,-0.09856,-0.2158,-0.9805,269,region_V
294,E,G,0.08347,0.3865,-1.117,269,region_V
294,E,H,-0.02067,,-2.049,269,region_V
294,E,I,0.02721,0.04961,-3.03,269,region_V
294,E,K,-0.2244,-0.2711,-2.857,269,region_V
294,E,L,-0.001567,-0.2436,-1.243,269,region_V
294,E,M,-0.1211,-0.09407,-0.8143,269,region_V
294,E,N,-0.03406,0.3515,-0.3136,269,region_V
294,E,Q,-0.416,0.2494,-0.1367,269,region_V
294,E,R,-0.3776,-0.3189,-3.151,269,region_V
294,E,S,-0.09645,-0.0381,-0.0073,269,region_V
294,E,T,0.3782,-0.1746,-1.337,269,region_V
294,E,V,0.1943,-0.3239,-2.531,269,region_V
294,E,W,-0.04316,-0.009413,-0.6563,269,region_V
294,E,Y,,,-1.156,269,region_V
295,E,A,-0.6977,-0.2998,-0.4845,270,region_V
295,E,C,-0.1814,0.2721,-1.805,270,region_V
295,E,D,0.09973,0.131,-0.0762,270,region_V
295,E,E,0,0,0,270,region_V
295,E,F,0.2057,0.1385,-1.41,270,region_V
295,E,G,0.08099,-0.0512,-0.4736,270,region_V
295,E,I,0.4075,-0.06087,-3.359,270,region_V
295,E,K,-0.6342,-0.869,-3.502,270,region_V
295,E,L,0.06359,-0.4049,-1.559,270,region_V
295,E,M,0.1843,0.1095,-0.9074,270,region_V
295,E,N,,,-1.738,270,region_V
295,E,P,-0.02549,0.2776,-2.923,270,region_V
295,E,Q,0.2473,-0.08259,-0.7454,270,region_V
295,E,R,0.006455,0.5049,-3.368,270,region_V
295,E,S,0.06433,-0.2513,-1.01,270,region_V
295,E,T,-0.05253,,-1.561,270,region_V
295,E,V,-0.03598,0.02168,-3.428,270,region_V
295,E,W,-0.03921,0.09728,-1.957,270,region_V
295,E,Y,0.1337,0.01478,-2.593,270,region_V
296,V,A,0.1882,0.1694,-2.876,271,region_V
296,V,C,-0.1179,-0.005108,-0.5544,271,region_V
296,V,D,-0.316,-1.366,-3.432,271,region_V
296,V,E,-0.5448,-0.6942,-2.898,271,region_V
296,V,F,0.0005218,-0.06015,-1.317,271,region_V
296,V,G,-0.08917,-0.6124,-3.127,271,region_V
296,V,H,0.09271,0.1626,-3.314,271,region_V
296,V,I,0.04915,-0.143,0.2601,271,region_V
296,V,K,-0.09622,-0.03948,-3.215,271,region_V
296,V,L,-0.04336,-0.101,-0.1742,271,region_V
296,V,M,-0.4229,-0.5593,-0.2646,271,region_V
296,V,N,-0.007243,0.01072,-2.575,271,region_V
296,V,P,0.009754,0.06015,-3.173,271,region_V
296,V,Q,-0.1183,-0.02468,-2.652,271,region_V
296,V,R,-0.2861,-1.325,-2.848,271,region_V
296,V,S,-0.06052,,-2.966,271,region_V
296,V,T,-0.08002,-0.1294,-0.3332,271,region_V
296,V,V,0,0,0,271,region_V
296,V,W,-0.2145,,-2.309,271,region_V
296,V,Y,0.4757,,-1.034,271,region_V
297,L,A,0.5997,-0.3236,-0.9376,272,region_V
297,L,C,0.1959,0.2239,-0.9198,272,region_V
297,L,D,,,-3.178,272,region_V
297,L,E,,0.7775,-3.176,272,region_V
297,L,F,-0.02052,-0.2499,-1.567,272,region_V
297,L,G,0.3901,0.4089,-3.407,272,region_V
297,L,H,,,-2.894,272,region_V
297,L,I,0.05013,-0.2592,-0.7259,272,region_V
297,L,K,0.05133,0.3635,-3.349,272,region_V
297,L,L,0,0,0,272,region_V
297,L,M,-0.2924,-0.3116,-1.304,272,region_V
297,L,N,-0.01127,-0.7804,-3.308,272,region_V
297,L,P,0.5707,-0.3647,-3.079,272,region_V
297,L,Q,-0.03265,-0.2484,-3.215,272,region_V
297,L,R,0.1261,-0.133,-3.226,272,region_V
297,L,S,-0.4417,,-3.393,272,region_V
297,L,T,,,-3.216,272,region_V
297,L,V,0.3753,0.2651,-0.8221,272,region_V
297,L,W,,,-3.275,272,region_V
297,L,Y,,,-3.265,272,region_V
298,A,A,0,0,0,273,region_V
298,A,C,0.01767,0.09739,-0.395,273,region_V
298,A,D,-0.36,-0.3938,-3.199,273,region_V
298,A,E,-0.3909,0.01594,-2.756,273,region_V
298,A,F,,,-3.426,273,region_V
298,A,G,0.1965,0.1679,0.4471,273,region_V
298,A,H,-0.09467,-0.06308,-3.42,273,region_V
298,A,I,-0.109,-1.072,-2.999,273,region_V
298,A,K,0.4073,0.07915,-2.909,273,region_V
298,A,L,-0.1438,-0.5923,-2.264,273,region_V
298,A,M,-0.215,-0.01679,-1.485,273,region_V
298,A,N,-0.07753,,-2.304,273,region_V
298,A,P,-0.2471,-0.3106,-3.35,273,region_V
298,A,Q,-0.2986,0.09415,-2.953,273,region_V
298,A,R,,-0.3828,-3.329,273,region_V
298,A,S,-0.5601,-0.6959,-3.346,273,region_V
298,A,T,-0.6217,-0.3181,-3.356,273,region_V
298,A,V,-0.7394,-0.2167,-3.232,273,region_V
298,A,W,1.619,-0.8582,-3.308,273,region_V
298,A,Y,,,-3.449,273,region_V
299,Y,A,-0.1276,1.827,-3.507,274,region_V
299,Y,C,-0.2272,0.1172,-3.395,274,region_V
299,Y,D,0.4941,-0.09717,-2.954,274,region_V
299,Y,E,0.08661,0.1893,-3.271,274,region_V
299,Y,F,-0.07783,0.1118,-0.5428,274,region_V
299,Y,H,0.165,0.6821,-3.11,274,region_V
299,Y,I,0.2592,-1.027,-3.321,274,region_V
299,Y,K,0.1983,-0.3065,-2.731,274,region_V
299,Y,L,-0.4446,-0.874,-3.345,274,region_V
299,Y,M,-0.3766,-0.1186,-3.157,274,region_V
299,Y,N,-0.03971,-0.512,-3.24,274,region_V
299,Y,P,0.06108,0.07725,-3.152,274,region_V
299,Y,Q,-0.2998,-0.2207,-3.244,274,region_V
299,Y,R,-0.1036,,-3.155,274,region_V
299,Y,S,0.1648,0.8471,-3.345,274,region_V
299,Y,T,-0.07453,-0.6644,-3.355,274,region_V
299,Y,V,0.3116,-0.00651,-3.451,274,region_V
299,Y,W,-0.2712,0.1399,-0.6203,274,region_V
299,Y,Y,0,0,0,274,region_V
300,V,A,0.5416,,-3.29,275,region_V
300,V,C,-0.02136,-0.3992,-3.365,275,region_V
300,V,D,-0.2272,-0.5979,-2.912,275,region_V
300,V,E,-0.1392,,-3.235,275,region_V
300,V,F,0.04904,-1.015,-3.163,275,region_V
300,V,G,-0.12,-1.134,-3.127,275,region_V
300,V,H,-0.05372,-0.1263,-3.1,275,region_V
300,V,I,0.06061,-0.1935,-1.488,275,region_V
300,V,K,-0.1893,-0.4009,-3.342,275,region_V
300,V,L,-0.3373,-0.3373,-3.468,275,region_V
300,V,M,-0.5287,-0.3087,-3.412,275,region_V
300,V,N,-0.2131,-1.362,-2.836,275,region_V
300,V,P,-0.1379,,-3.205,275,region_V
300,V,Q,,,-2.737,275,region_V
300,V,R,-0.1374,-0.4039,-2.86,275,region_V
300,V,S,-0.3487,,-3.143,275,region_V
300,V,T,0.3352,-0.2891,-2.926,275,region_V
300,V,V,0,0,0,275,region_V
300,V,W,-0.01306,,-3.128,275,region_V
300,V,Y,0.03805,-0.1281,-2.954,275,region_V
301,V,A,,-0.8212,-1.69,276,region_III
301,V,C,-0.2942,-0.3162,-2.312,276,region_III
301,V,D,-0.08287,-0.1415,-3.224,276,region_III
301,V,E,-0.6269,-0.7967,-3.272,276,region_III
301,V,F,-0.03294,-0.3065,-3.187,276,region_III
301,V,G,,,-3.306,276,region_III
301,V,H,0.04994,-0.6769,-3.073,276,region_III
301,V,I,-0.01747,-0.5191,-0.1928,276,region_III
301,V,K,0.3081,-0.04035,-3.386,276,region_III
301,V,L,0.2862,0.1243,-0.324,276,region_III
301,V,M,-0.08171,0.4166,-0.369,276,region_III
301,V,N,-0.1716,0.1413,-3.073,276,region_III
301,V,P,0.329,-0.2889,-3.397,276,region_III
301,V,Q,-0.07127,-0.09364,-3.168,276,region_III
301,V,R,-0.07031,0.04724,-3.348,276,region_III
301,V,S,0.1506,-0.9345,-3.3,276,region_III
301,V,T,0.1218,0.187,-0.6053,276,region_III
301,V,V,0,0,0,276,region_III
301,V,W,-0.1565,0.01722,-3.473,276,region_III
301,V,Y,0.5127,,-3.014,276,region_III
302,Q,C,0.791,,-3.447,277,region_III
302,Q,D,,,-3.469,277,region_III
302,Q,E,,,-3.422,277,region_III
302,Q,F,-0.02238,-0.01363,-3.257,277,region_III
302,Q,G,-0.04426,,-3.308,277,region_III
302,Q,H,-0.179,-0.7825,-2.965,277,region_III
302,Q,I,,,-3.401,277,region_III
302,Q,K,-0.5247,-0.3311,-3.099,277,region_III
302,Q,L,,,-3.447,277,region_III
302,Q,M,-0.01222,-0.1336,-3.081,277,region_III
302,Q,N,,,-3.018,277,region_III
302,Q,P,-0.4386,0.1117,-3.435,277,region_III
302,Q,Q,0,0,0,277,region_III
302,Q,R,0.1805,-0.1768,-3.13,277,region_III
302,Q,S,-0.09424,-0.781,-3.348,277,region_III
302,Q,T,,,-3.466,277,region_III
302,Q,V,0.6558,0.8223,-3.507,277,region_III
302,Q,W,0.07302,-0.1329,-2.633,277,region_III
302,Q,Y,,,-3.147,277,region_III
303,L,A,0.7195,-0.005719,-1.716,278,region_III
303,L,C,0.4457,0.1195,-2.793,278,region_III
303,L,D,0.2162,-0.5705,-3.253,278,region_III
303,L,E,0.7362,0.6211,-3.079,278,region_III
303,L,F,0.5035,,-3.155,278,region_III
303,L,G,0.2506,-0.7593,-3.23,278,region_III
303,L,H,0.5361,0.668,-3.276,278,region_III
303,L,K,-0.08072,-0.61,-3.304,278,region_III
303,L,L,0,0,0,278,region_III
303,L,M,0.178,-0.04998,-0.9973,278,region_III
303,L,N,,,-3.33,278,region_III
303,L,P,-0.02992,-0.5696,-3.25,278,region_III
303,L,Q,,,-3.475,278,region_III
303,L,R,0.3568,0.1832,-3.163,278,region_III
303,L,S,0.09504,0.1209,-2.885,278,region_III
303,L,T,0.1748,0.04761,-1.813,278,region_III
303,L,V,0.08497,-0.2357,-0.442,278,region_III
303,L,W,-0.3973,-0.04684,-3.452,278,region_III
303,L,Y,0.1101,-0.6564,-3.476,278,region_III
304,P,A,-0.05619,-0.6265,-2.542,279,region_III
304,P,C,-0.3054,-0.9491,-3.29,279,region_III
304,P,D,0.008164,0.0524,-2.9,279,region_III
304,P,E,0.03668,-0.8617,-3.218,279,region_III
304,P,F,-0.08929,-0.9095,-2.902,279,region_III
304,P,G,,,-3.371,279,region_III
304,P,H,-0.5484,-0.2106,-3.205,279,region_III
304,P,I,-0.1111,-0.3086,-3.183,279,region_III
304,P,K,-0.852,-0.4734,-3.455,279,region_III
304,P,L,-0.4257,-0.9252,-3.026,279,region_III
304,P,M,0.3157,-0.07064,-3.249,279,region_III
304,P,N,-0.3452,-0.8037,-2.975,279,region_III
304,P,P,0,0,0,279,region_III
304,P,Q,-0.1693,-0.5769,-3.32,279,region_III
304,P,R,0.09749,-0.09182,-3.16,279,region_III
304,P,S,-0.3106,-0.4608,-3.321,279,region_III
304,P,T,0.2934,-0.6684,-3.381,279,region_III
304,P,V,0.0137,-0.1187,-3.366,279,region_III
304,P,W,-0.1486,0.6037,-3.122,279,region_III
304,P,Y,-0.2643,-0.7427,-3.303,279,region_III
305,L,A,0.1377,-0.6408,-3.202,280,region_III
305,L,C,-0.08347,-0.487,-2.167,280,region_III
305,L,D,0.3401,-0.5476,-3.469,280,region_III
305,L,E,-0.03701,0.3327,-2.063,280,region_III
305,L,F,0.005577,0.1605,-1.352,280,region_III
305,L,G,-0.004666,-0.2889,-3.524,280,region_III
305,L,H,-0.02789,0.2595,-0.6316,280,region_III
305,L,I,0.3223,0.3869,0.232,280,region_III
305,L,K,,,-1.782,280,region_III
305,L,L,0,0,0,280,region_III
305,L,M,-0.2021,-0.2042,-0.4837,280,region_III
305,L,N,0.4611,-0.4605,-3.145,280,region_III
305,L,P,-0.1607,-0.1243,-3.1,280,region_III
305,L,Q,-0.02301,-0.1451,-0.9163,280,region_III
305,L,R,0.05784,,-2.622,280,region_III
305,L,S,-0.438,-0.0387,-2.048,280,region_III
305,L,T,0.02382,0.01008,-1.461,280,region_III
305,L,V,-0.02645,0.004524,-0.01495,280,region_III
305,L,W,,0.2656,0.19,280,region_III
305,L,Y,0.009749,0.01033,-0.6043,280,region_III
306,Y,C,-0.07936,-0.7839,-3.406,281,region_III
306,Y,D,-0.04661,-0.6308,-3.371,281,region_III
306,Y,E,0.07405,0.2081,-3.236,281,region_III
306,Y,F,0.5084,0.08407,-0.5277,281,region_III
306,Y,G,,0.2485,-3.114,281,region_III
306,Y,H,-0.5527,0.1704,-3.381,281,region_III
306,Y,I,-0.1072,,-2.763,281,region_III
306,Y,K,0.07017,-0.1301,-3.077,281,region_III
306,Y,L,-0.3096,0.02909,-1.567,281,region_III
306,Y,M,0.254,0.1982,-0.9328,281,region_III
306,Y,N,-0.1637,-0.6505,-3.357,281,region_III
306,Y,P,-0.1586,-0.07189,-3.293,281,region_III
306,Y,Q,-0.02691,-0.4003,-3.21,281,region_III
306,Y,R,-0.05936,-0.4506,-3.295,281,region_III
306,Y,S,1.411,-0.3351,-3.313,281,region_III
306,Y,T,-0.07906,,-3.431,281,region_III
306,Y,V,-0.1365,0.5495,-3.305,281,region_III
306,Y,W,-0.0431,-0.005572,0.2861,281,region_III
306,Y,Y,0,0,0,281,region_III
307,G,A,-0.08533,-0.7402,-0.6673,282,region_III
307,G,C,0.1917,-0.791,-3.379,282,region_III
307,G,D,-0.2232,-0.251,-3.441,282,region_III
307,G,E,0.00828,0.08005,-2.857,282,region_III
307,G,F,-0.1467,-0.4319,-3.431,282,region_III
307,G,G,0,0,0,282,region_III
307,G,H,0.04762,-0.5895,-1.412,282,region_III
307,G,I,-0.2594,-0.4534,-3.416,282,region_III
307,G,K,-0.1466,0.03871,-2.643,282,region_III
307,G,L,-0.01256,-0.2335,-1.802,282,region_III
307,G,M,-0.254,0.04678,-1.137,282,region_III
307,G,N,0.2437,0.06213,-1.149,282,region_III
307,G,P,,,-3.366,282,region_III
307,G,Q,0.3796,0.6017,-1.144,282,region_III
307,G,R,0.07548,0.135,-1.86,282,region_III
307,G,S,0.02421,-0.2981,-1.335,282,region_III
307,G,T,-0.04254,0.04818,-1.122,282,region_III
307,G,V,0.05591,-0.2804,-3.42,282,region_III
307,G,W,1.477,-0.3357,-3.379,282,region_III
307,G,Y,-0.1426,-0.4759,-3.371,282,region_III
308,V,A,0.1748,0.2118,-2.625,283,region_III
308,V,C,-0.1699,-0.7627,-3.436,283,region_III
308,V,D,-0.4455,-0.5107,-3.463,283,region_III
308,V,E,0.1665,-0.8358,-3.381,283,region_III
308,V,F,-0.5157,0.2699,-3.499,283,region_III
308,V,G,0.113,,-3.181,283,region_III
308,V,H,-0.1768,-0.4735,-3.41,283,region_III
308,V,I,0.6897,0.4059,-3.485,283,region_III
308,V,K,0.3325,0.3334,-3.522,283,region_III
308,V,L,-0.2588,-0.9632,-3.464,283,region_III
308,V,M,-0.4141,0.1191,-3.51,283,region_III
308,V,N,-0.03134,,-3.458,283,region_III
308,V,P,-0.05976,-1.085,-3.33,283,region_III
308,V,Q,0.3577,-0.3005,-3.452,283,region_III
308,V,R,,,-3.164,283,region_III
308,V,T,0.7636,0.03258,-3.397,283,region_III
308,V,V,0,0,0,283,region_III
308,V,W,-0.1951,-0.7964,-3.488,283,region_III
308,V,Y,-0.1567,-1.047,-3.46,283,region_III
309,I,A,,,-2.026,284,region_III
309,I,C,0.6359,,-3.436,284,region_III
309,I,D,0.09449,,-3.481,284,region_III
309,I,E,-0.1408,0.3157,-3.473,284,region_III
309,I,F,,,-3.489,284,region_III
309,I,G,0.1158,-0.424,-3.404,284,region_III
309,I,H,0.4245,,-3.501,284,region_III
309,I,I,0,0,0,284,region_III
309,I,K,,,-3.471,284,region_III
309,I,L,-0.0204,-0.08131,-3.468,284,region_III
309,I,M,,,-3.057,284,region_III
309,I,N,0.05985,0.08994,-3.2,284,region_III
309,I,P,-0.09362,-0.5292,-3.401,284,region_III
309,I,Q,,-0.3454,-3.526,284,region_III
309,I,R,0.02791,,-3.517,284,region_III
309,I,S,-0.03187,-1.047,-3.468,284,region_III
309,I,T,0.03823,,-3.195,284,region_III
309,I,V,0.0288,,-3.434,284,region_III
309,I,W,,,-3.502,284,region_III
309,I,Y,,,-3.474,284,region_III
310,D,A,0.2788,-0.1638,-3.45,285,region_III
310,D,C,,-0.527,-3.274,285,region_III
310,D,D,0,0,0,285,region_III
310,D,E,-0.01748,0.03974,-1.111,285,region_III
310,D,F,,,-3.253,285,region_III
310,D,G,-0.03563,-0.3954,-3.455,285,region_III
310,D,H,0.07669,,-3.397,285,region_III
310,D,I,0.05963,0.01404,-3.243,285,region_III
310,D,K,-0.119,-0.3357,-3.324,285,region_III
310,D,L,0.02508,,-3.442,285,region_III
310,D,M,0.0164,-0.2759,-3.263,285,region_III
310,D,N,0.3124,-1.064,-3.38,285,region_III
310,D,P,-0.1398,,-3.41,285,region_III
310,D,Q,0.3043,0.2377,-3.425,285,region_III
310,D,R,0.2324,-0.08905,-3.332,285,region_III
310,D,S,,,-3.405,285,region_III
310,D,T,0.02643,0.03832,-3.443,285,region_III
310,D,V,-0.248,-0.001569,-3.167,285,region_III
310,D,W,-0.1523,0.9449,-3.277,285,region_III
310,D,Y,-0.1429,-0.3302,-3.471,285,region_III
311,T,A,-0.02857,-0.4298,-3.46,286,region_III
311,T,C,0.1843,-0.4316,-3.484,286,region_III
311,T,D,0.7937,,-3.228,286,region_III
311,T,E,,,-3.377,286,region_III
311,T,F,-0.2983,-0.5745,-3.482,286,region_III
311,T,G,,-0.3674,-3.048,286,region_III
311,T,H,0.5138,,-3.308,286,region_III
311,T,I,0.2741,-1.133,-3.518,286,region_III
311,T,K,,,-3.456,286,region_III
311,T,L,0.07251,0.08055,-3.314,286,region_III
311,T,M,-0.1643,-0.7453,-3.361,286,region_III
311,T,N,0.4955,0.05761,-3.372,286,region_III
311,T,P,0.8339,-0.857,-3.106,286,region_III
311,T,Q,-0.1131,,-3.45,286,region_III
311,T,R,,,-3.471,286,region_III
311,T,S,0.8283,0.408,-3.389,286,region_III
311,T,T,0,0,0,286,region_III
311,T,V,-0.2659,-0.5903,-3.486,286,region_III
311,T,W,0.08023,,-3.431,286,region_III
311,T,Y,,,-3.481,286,region_III
312,P,A,-0.06099,,-0.3045,287,region_III
312,P,C,0.2396,-0.03948,-1.996,287,region_III
312,P,D,-0.1429,0.1069,0.5689,287,region_III
312,P,E,-0.3168,0.2041,-0.2098,287,region_III
312,P,F,-0.1302,-0.2343,-0.8426,287,region_III
312,P,G,0.08389,0.04517,0.9406,287,region_III
312,P,H,-0.2858,-0.1596,0.6588,287,region_III
312,P,I,-0.1314,-0.2786,-1.45,287,region_III
312,P,K,0.04884,-0.08421,-0.4022,287,region_III
312,P,L,-0.03524,-0.09112,-0.651,287,region_III
312,P,M,-0.3245,-0.08979,-0.8053,287,region_III
312,P,N,-0.06243,-0.2444,-0.1012,287,region_III
312,P,P,0,0,0,287,region_III
312,P,Q,-0.1374,-0.3332,0.2234,287,region_III
312,P,R,-0.1137,-0.2996,-0.9887,287,region_III
312,P,S,-0.12,-0.1563,0.1591,287,region_III
312,P,T,-0.5015,-0.03535,-0.2514,287,region_III
312,P,V,-0.05042,0.1567,-1.306,287,region_III
312,P,W,-0.1072,-0.08309,-0.3586,287,region_III
312,P,Y,-0.1463,0.0245,-0.7306,287,region_III
313,C,A,-0.2162,-0.5081,-3.293,288,region_I
313,C,C,0,0,0,288,region_I
313,C,D,0.482,-0.105,-3.344,288,region_I
313,C,E,0.3684,-1.422,-3.365,288,region_I
313,C,F,0.6948,-0.3521,-3.388,288,region_I
313,C,G,,,-2.815,288,region_I
313,C,H,0.05875,-0.1924,-3.172,288,region_I
313,C,I,-0.1796,-0.4756,-3.346,288,region_I
313,C,K,,,-3.147,288,region_I
313,C,L,-0.07362,-0.02868,-3.478,288,region_I
313,C,M,,,-2.877,288,region_I
313,C,N,0.2569,-0.3835,-3.357,288,region_I
313,C,P,0.1277,-0.2931,-3.155,288,region_I
313,C,Q,-0.1262,-0.2524,-3.284,288,region_I
313,C,R,-0.08298,-0.5434,-3.33,288,region_I
313,C,S,0.5276,-0.4878,-3.246,288,region_I
313,C,T,0.08925,-0.5882,-3.247,288,region_I
313,C,V,-0.02374,-0.03477,-3.312,288,region_I
313,C,W,-0.101,0.05914,-3.248,288,region_I
313,C,Y,0.7591,0.08607,-2.99,288,region_I
314,W,A,0.07229,-0.6275,-2.125,289,region_I
314,W,C,-0.04135,,-3.042,289,region_I
314,W,D,,,-3.34,289,region_I
314,W,E,-0.09363,-0.3097,-2.92,289,region_I
314,W,F,-0.5479,-0.606,-1.78,289,region_I
314,W,G,-0.005203,0.0335,-3.325,289,region_I
314,W,H,0.02264,0.06449,-0.5101,289,region_I
314,W,I,-0.3727,-0.5265,-2.69,289,region_I
314,W,K,-0.4326,-0.634,-2.835,289,region_I
314,W,L,0.06534,-0.9047,-2.633,289,region_I
314,W,M,-0.4374,-0.1122,-1.899,289,region_I
314,W,N,-0.1131,0.1402,-2.801,289,region_I
314,W,P,0.3455,-0.2575,-3.132,289,region_I
314,W,Q,-0.08706,-0.447,-0.9125,289,region_I
314,W,R,0.01128,-0.2856,-2.5,289,region_I
314,W,S,-0.08864,-0.8686,-2.226,289,region_I
314,W,T,0.518,-0.7329,-1.662,289,region_I
314,W,V,-0.3572,-0.3825,-2.375,289,region_I
314,W,W,0,0,0,289,region_I
314,W,Y,-0.1755,-0.03415,-1.118,289,region_I
315,K,A,-0.2079,,-2.997,290,region_I
315,K,C,-0.1829,-1.423,-3.292,290,region_I
315,K,D,-0.1995,-0.05607,-3.354,290,region_I
315,K,E,0.2711,-0.6868,-3.093,290,region_I
315,K,F,-0.005919,-0.1827,-3.385,290,region_I
315,K,G,,,-3.445,290,region_I
315,K,H,-0.4704,-0.1805,-2.441,290,region_I
315,K,I,,-0.4628,-2.638,290,region_I
315,K,K,0,0,0,290,region_I
315,K,L,-0.262,-0.9592,-2.222,290,region_I
315,K,M,-0.1798,-0.4214,-3.149,290,region_I
315,K,N,-0.1845,-0.6326,-2.505,290,region_I
315,K,P,0.1178,-0.5581,-3.426,290,region_I
315,K,Q,-0.2385,-0.4489,-1.728,290,region_I
315,K,R,-0.3564,-0.3043,-1.922,290,region_I
315,K,S,-0.1124,,-3.418,290,region_I
315,K,T,-0.07962,-1.077,-3.435,290,region_I
315,K,V,-0.1554,-0.6504,-3.341,290,region_I
315,K,W,-0.3991,-0.7063,-1.721,290,region_I
315,K,Y,-0.1258,-0.6794,-1.189,290,region_I
316,L,A,-0.02162,,-3.18,291,region_I
316,L,C,,,-2.79,291,region_I
316,L,D,0.007338,-0.3799,-3.268,291,region_I
316,L,E,0.3897,-0.2728,-3.356,291,region_I
316,L,F,0.2288,-0.3531,-3.308,291,region_I
316,L,G,-0.03255,-0.9804,-3.113,291,region_I
316,L,H,0.009531,0.06813,-3.204,291,region_I
316,L,I,0.1212,0.07589,0.5181,291,region_I
316,L,K,0.1069,-0.3021,-3.325,291,region_I
316,L,L,0,0,0,291,region_I
316,L,M,0.04365,-0.02809,-1.216,291,region_I
316,L,N,-0.07827,-0.7431,-3.19,291,region_I
316,L,P,-0.1464,-0.8271,-3.298,291,region_I
316,L,Q,-0.01877,-0.123,-0.8574,291,region_I
316,L,R,-0.1873,0.3944,-3.401,291,region_I
316,L,S,-0.2446,,-2.575,291,region_I
316,L,T,0.1304,0.1693,0.1679,291,region_I
316,L,V,0.01947,0.06944,-0.1866,291,region_I
316,L,W,0.3046,-0.9642,-3.323,291,region_I
316,L,Y,-0.1481,,-3.25,291,region_I
317,H,A,-0.07971,-0.08879,-0.4535,292,region_I
317,H,C,-0.09436,-0.5919,-3.056,292,region_I
317,H,D,0.04067,-0.2569,-2.403,292,region_I
317,H,E,-0.3669,-1.175,-3.447,292,region_I
317,H,F,,,-0.8678,292,region_I
317,H,G,0.01521,-0.3058,-3.394,292,region_I
317,H,H,0,0,0,292,region_I
317,H,I,,,-3.293,292,region_I
317,H,K,-0.07707,-0.6193,-3.329,292,region_I
317,H,L,-0.4284,-0.4437,-2.95,292,region_I
317,H,M,-0.3949,-0.07166,-0.8069,292,region_I
317,H,N,-0.07218,-0.6185,-0.7592,292,region_I
317,H,P,-0.07903,-0.3382,-3.447,292,region_I
317,H,Q,0.01752,0.09217,0.262,292,region_I
317,H,R,-0.5929,-0.9851,-3.252,292,region_I
317,H,S,-0.02883,-0.1396,-0.7671,292,region_I
317,H,T,0.4882,-0.9809,-3.369,292,region_I
317,H,V,-0.09752,-1.028,-3.404,292,region_I
317,H,W,-0.02592,0.00919,-0.9289,292,region_I
317,H,Y,-0.2833,0.2065,-0.4235,292,region_I
318,T,A,0.03391,-0.7077,-3.348,293,region_I
318,T,C,0.1836,-0.3552,-3.462,293,region_I
318,T,D,-0.117,-0.127,-3.427,293,region_I
318,T,E,-0.389,-0.55,-3.301,293,region_I
318,T,F,-0.1253,-0.7395,-3.304,293,region_I
318,T,G,,,-3.394,293,region_I
318,T,H,-0.1164,-0.328,-3.36,293,region_I
318,T,I,0.07718,-0.4534,-3.401,293,region_I
318,T,K,,,-3.215,293,region_I
318,T,L,0.4641,-0.01835,-2.934,293,region_I
318,T,M,0.2808,-0.4643,-3.335,293,region_I
318,T,N,-0.2073,-0.8607,-3.505,293,region_I
318,T,P,-0.1369,-0.1969,-3.402,293,region_I
318,T,Q,,-0.8008,-3.051,293,region_I
318,T,R,-0.5834,0.0899,-3.222,293,region_I
318,T,S,0.03521,-0.151,-0.3253,293,region_I
318,T,T,0,0,0,293,region_I
318,T,V,,,-2.979,293,region_I
318,T,W,-0.3838,-0.1154,-3.226,293,region_I
318,T,Y,,,-3.125,293,region_I
319,S,A,-0.013,-0.2275,-1.659,294,region_I
319,S,C,-0.0854,-0.162,-3.038,294,region_I
319,S,D,-0.03055,-0.6778,-3.134,294,region_I
319,S,E,-0.1967,-1.089,-3.434,294,region_I
319,S,F,-0.00332,-0.1697,-3.356,294,region_I
319,S,G,-0.1413,0.02707,-1.225,294,region_I
319,S,H,0.7296,-0.2348,-3.256,294,region_I
319,S,I,-0.0864,0.1184,-3.369,294,region_I
319,S,K,0.608,-0.8248,-3.268,294,region_I
319,S,L,-0.05328,-0.9093,-3.215,294,region_I
319,S,M,0.2986,0.1707,-3.333,294,region_I
319,S,N,0.02201,-0.1776,-0.7353,294,region_I
319,S,P,0.3258,-0.112,-3.363,294,region_I
319,S,Q,,,-3.301,294,region_I
319,S,R,0.08514,0.1062,-1.151,294,region_I
319,S,S,0,0,0,294,region_I
319,S,T,-0.1936,-0.2424,-3.184,294,region_I
319,S,V,-0.4772,,-3.405,294,region_I
319,S,W,0.06666,-0.1735,-3.409,294,region_I
319,S,Y,-0.4736,-0.7027,-3.354,294,region_I
320,P,A,-0.3409,-0.1955,-0.6517,295,none
320,P,C,-0.0361,,-3.109,295,none
320,P,D,1.814,0.05498,-3.444,295,none
320,P,E,-0.5134,-0.02628,-3.409,295,none
320,P,F,-0.09585,-0.4429,-1.848,295,none
320,P,G,0.02895,-0.8822,-2.817,295,none
320,P,H,-0.5167,-0.7603,-3.179,295,none
320,P,I,-0.08142,-0.6644,-3.133,295,none
320,P,K,-0.009646,-0.06674,-2.56,295,none
320,P,L,0.1161,-0.1084,-2.621,295,none
320,P,M,-0.1113,-0.2452,-1.991,295,none
320,P,N,-0.0583,-0.2864,-1.651,295,none
320,P,P,0,0,0,295,none
320,P,Q,-0.2423,-0.1814,-2.483,295,none
320,P,R,-0.04113,-0.5198,-3.183,295,none
320,P,S,-0.3011,-0.2809,-0.8696,295,none
320,P,T,-0.2366,-0.1659,-1.792,295,none
320,P,V,-0.1691,-0.3716,-3.008,295,none
320,P,W,-0.01242,-0.6949,-3.482,295,none
320,P,Y,-0.6869,-0.003734,-3.162,295,none
321,L,A,0.07612,-1.181,-3.39,296,none
321,L,C,0.787,0.004459,-3.203,296,none
321,L,D,-0.1914,-0.3958,-3.428,296,none
321,L,E,-0.5264,,-3.193,296,none
321,L,F,,,-3.216,296,none
321,L,G,0.9413,-0.7745,-3.08,296,none
321,L,H,-0.484,-0.2394,-3.316,296,none
321,L,I,-0.2594,-0.4291,-2.175,296,none
321,L,K,-0.1454,,-3.115,296,none
321,L,L,0,0,0,296,none
321,L,M,0.01048,0.02416,-1.702,296,none
321,L,N,0.9957,-0.1912,-3.201,296,none
321,L,P,-0.203,-0.8254,-3.458,296,none
321,L,Q,0.01141,0.04803,-0.3789,296,none
321,L,R,-0.2655,-0.732,-3.247,296,none
321,L,S,-0.03172,-0.08978,-2.495,296,none
321,L,T,-0.006472,-0.1653,-3.099,296,none
321,L,V,-0.1008,-0.3344,-2.587,296,none
321,L,W,,-0.021,-1.613,296,none
321,L,Y,-0.6774,-1.06,-3.313,296,none
322,C,A,-0.03312,-0.2335,-3.158,297,none
322,C,C,0,0,0,297,none
322,C,D,0.2878,0.04986,-3.059,297,none
322,C,E,-0.05464,,-3.346,297,none
322,C,F,-0.2054,-0.1743,-3.358,297,none
322,C,G,-0.1845,-0.5069,-3.322,297,none
322,C,H,,-0.859,-3.143,297,none
322,C,I,-0.2778,-0.0294,-3,297,none
322,C,K,0.2234,-0.3892,-3.29,297,none
322,C,L,,-0.06258,-3.234,297,none
322,C,M,0.3636,-0.2999,-3.181,297,none
322,C,N,-0.3928,-0.4967,-3.059,297,none
322,C,P,0.6258,,-3.184,297,none
322,C,Q,0.3395,-0.3259,-3.325,297,none
322,C,R,-0.1443,-0.4283,-3.457,297,none
322,C,S,0.06005,-0.0457,-3.316,297,none
322,C,T,0.003128,0.01532,-3.272,297,none
322,C,V,-0.3395,-0.4042,-3.221,297,none
322,C,W,0.2527,-0.408,-3.252,297,none
322,C,Y,-0.6495,-0.6748,-3.336,297,none
323,T,A,-0.01309,-0.2976,-2.054,298,none
323,T,C,-0.2597,0.1762,-3.439,298,none
323,T,D,0.003157,-1.692,-3.174,298,none
323,T,E,0.009058,-0.4714,-3.356,298,none
323,T,F,0.04069,,-3.255,298,none
323,T,G,-0.1632,1.124,-2.748,298,none
323,T,H,-0.36,-1.121,-3.231,298,none
323,T,I,-0.4158,-1.992,-3.244,298,none
323,T,K,-0.3295,-0.6783,-3.215,298,none
323,T,L,0.5052,-0.632,-3.407,298,none
323,T,M,0.1455,,-2.998,298,none
323,T,N,0.03648,0.001854,-2.997,298,none
323,T,P,-0.3372,0.2093,-3.25,298,none
323,T,Q,-0.03885,0.01778,-1.398,298,none
323,T,R,-0.1918,-0.5842,-2.954,298,none
323,T,S,-0.0855,-0.09194,-0.2459,298,none
323,T,T,0,0,0,298,none
323,T,V,-0.2926,,-3.392,298,none
323,T,W,0.5812,0.2057,-3.462,298,none
323,T,Y,-0.1959,-0.3867,-3.453,298,none
324,T,A,0.3264,-0.4409,-1.466,299,none
324,T,C,-0.1281,-0.1468,-2.141,299,none
324,T,D,,,-3.157,299,none
324,T,E,0.3282,-0.5376,-3.402,299,none
324,T,F,0.06349,0.09604,-0.7986,299,none
324,T,G,-0.07313,-0.7936,-2.73,299,none
324,T,H,-0.236,-0.2993,-1.411,299,none
324,T,I,0.03917,0.003748,-0.1138,299,none
324,T,K,-0.07141,-0.4707,-2.7,299,none
324,T,L,-0.2323,-0.1309,-1.23,299,none
324,T,M,0.02825,-0.4601,-2.812,299,none
324,T,N,,-0.1733,-3.454,299,none
324,T,P,-0.6154,-0.03189,-3.38,299,none
324,T,Q,-0.006176,-0.6288,-2.127,299,none
324,T,R,0.02751,-0.1232,-1.448,299,none
324,T,S,-0.1502,0.5323,-0.2115,299,none
324,T,T,0,0,0,299,none
324,T,V,-0.005681,-0.004268,0.535,299,none
324,T,W,-0.2507,-0.8599,-2.95,299,none
324,T,Y,0.3668,0.08128,-0.9661,299,none
325,N,A,0.1154,0.01442,-0.2091,300,none
325,N,C,0.1861,-0.07281,-1.095,300,none
325,N,D,0.00506,0.06064,0.1607,300,none
325,N,E,0.002778,-0.159,0.2366,300,none
325,N,F,,,0.119,300,none
325,N,G,-0.04727,0.04051,-0.3879,300,none
325,N,H,-0.2439,-0.7956,-1.417,300,none
325,N,I,0.01376,-0.1486,-0.2484,300,none
325,N,K,0.2303,-0.4088,-0.8931,300,none
325,N,L,0.2614,0.3108,-1.083,300,none
325,N,M,0.08908,-0.00517,-0.1245,300,none
325,N,N,0,0,0,300,none
325,N,P,-0.01707,0.008281,-2.152,300,none
325,N,Q,,-0.09606,-0.5141,300,none
325,N,R,0.05092,0.2031,-0.3001,300,none
325,N,S,0.2455,0.2472,0.0112,300,none
325,N,T,0.4379,0.06241,0.2339,300,none
325,N,V,0.0484,-0.1719,-0.7077,300,none
325,N,W,-0.02246,0.06865,0.3561,300,none
325,N,Y,-0.148,-0.2104,0.3618,300,none
326,T,A,0.0899,-0.3292,-0.1487,301,none
326,T,C,,,-3.176,301,none
326,T,D,0.4079,-0.2178,0.05828,301,none
326,T,E,0.1753,0.02763,0.9285,301,none
326,T,F,0.09846,0.1046,0.9973,301,none
326,T,G,0.203,0.3272,0.2269,301,none
326,T,H,-0.07141,-0.5479,-0.9258,301,none
326,T,I,-0.1492,0.05281,0.1176,301,none
326,T,K,0.1796,0.2012,-1.425,301,none
326,T,L,-0.1793,-0.2186,-0.2863,301,none
326,T,M,0.02358,-0.05225,0.01042,301,none
326,T,N,0.06494,0.0519,-0.6003,301,none
326,T,P,-0.04534,-0.2025,-0.5397,301,none
326,T,Q,0.1591,0.1203,-0.1865,301,none
326,T,R,-0.09097,-0.3393,-1.052,301,none
326,T,S,0.3043,-0.1127,-0.2306,301,none
326,T,T,0,0,0,301,none
326,T,V,0.09807,-0.02679,-0.08857,301,none
326,T,W,0.07227,0.02288,0.1505,301,none
326,T,Y,-0.08837,-0.01089,0.1381,301,none
327,K,A,0.01938,0.07926,0.7522,302,none
327,K,C,,-0.9938,-3.395,302,none
327,K,D,-0.1132,0.1121,-0.1569,302,none
327,K,E,0.01128,0.1563,0.7156,302,none
327,K,F,0.03737,-0.2747,-0.04998,302,none
327,K,G,0.0251,0.02227,0.5508,302,none
327,K,H,0.2703,-0.06038,0.1917,302,none
327,K,I,-0.0007972,0.1547,0.7591,302,none
327,K,K,0,0,0,302,none
327,K,L,-0.07743,0.08872,0.3797,302,none
327,K,M,-0.08627,-0.0502,-0.5207,302,none
327,K,N,0.1382,0.05343,0.1464,302,none
327,K,P,0.002634,-0.1623,-0.7704,302,none
327,K,Q,-0.257,-0.04913,-0.4748,302,none
327,K,R,0.09493,0.122,0.3301,302,none
327,K,S,-0.1992,-0.7296,-3.444,302,none
327,K,T,-0.269,-0.9088,-3.373,302,none
327,K,V,0.07056,0.2266,0.916,302,none
327,K,W,-0.01142,0.4074,0.9168,302,none
327,K,Y,0.1058,0.0178,0.7994,302,none
328,E,A,0.4145,0.1474,-1.644,303,none
328,E,C,0.1847,-0.3088,-2.312,303,none
328,E,D,-0.005247,0.1344,-0.7869,303,none
328,E,E,0,0,0,303,none
328,E,F,-0.1233,-0.09597,-1.666,303,none
328,E,G,0.5461,0.3895,-0.8294,303,none
328,E,H,-0.009968,-0.1477,-2.67,303,none
328,E,I,,,-2.054,303,none
328,E,K,0.5168,0.3827,-2.269,303,none
328,E,L,0.16,0.2402,-0.9189,303,none
328,E,M,0.4412,0.4428,-2.586,303,none
328,E,N,,,-3.348,303,none
328,E,P,0.3818,0.1413,-2.079,303,none
328,E,Q,0.7585,0.2309,-0.4627,303,none
328,E,R,0.241,0.4124,-2.466,303,none
328,E,S,-0.1269,0.3837,-1.937,303,none
328,E,T,0.5915,0.05989,-1.12,303,none
328,E,V,0.09972,-0.3979,-1.524,303,none
328,E,W,0.4421,0.3353,-1.516,303,none
328,E,Y,0.2821,,-0.9847,303,none
329,G,A,-0.1387,-0.05787,-0.1611,304,none
329,G,C,0.1481,-0.3532,-2.384,304,none
329,G,D,0.1096,-0.4439,-1.184,304,none
329,G,E,-0.01712,-0.3599,-0.7195,304,none
329,G,F,0.238,0.1164,0.1231,304,none
329,G,G,0,0,0,304,none
329,G,H,0.004771,0.03414,-0.5711,304,none
329,G,I,0.04191,0.3719,-0.4347,304,none
329,G,K,0.2611,0.07857,-0.869,304,none
329,G,L,0.03406,0.0974,-0.4778,304,none
329,G,M,0.08445,-0.2851,-0.833,304,none
329,G,N,-0.04528,0.1132,-0.7901,304,none
329,G,P,0.6896,0.3267,0.1045,304,none
329,G,Q,0.03559,0.1976,-0.177,304,none
329,G,R,-0.06271,0.1278,-0.6069,304,none
329,G,S,0.1396,0.0751,-0.503,304,none
329,G,T,-0.2004,0.03085,-0.1741,304,none
329,G,V,-0.08456,-0.2321,-0.9631,304,none
329,G,W,-0.01599,-0.1711,-0.55,304,none
329,G,Y,-0.0436,0.2657,0.09186,304,none
330,S,A,0.1045,-0.004267,-0.00247,305,none
330,S,C,-0.1709,-0.109,-1.585,305,none
330,S,D,-0.2462,-0.2337,-1.075,305,none
330,S,E,0.193,0.08308,-2.131,305,none
330,S,F,-0.02121,-0.226,-0.505,305,none
330,S,G,-0.01346,-0.06922,-0.4727,305,none
330,S,H,0.09493,0.09953,-1.385,305,none
330,S,I,-0.161,-0.1197,-1.762,305,none
330,S,K,0.2396,-0.2907,-0.9882,305,none
330,S,L,0.0884,0.08405,-0.6866,305,none
330,S,M,-0.02705,-0.07355,-0.1804,305,none
330,S,N,-0.06218,-0.001557,-0.6004,305,none
330,S,P,-0.1125,-0.06279,-1.076,305,none
330,S,Q,-0.2708,-0.5458,-0.5227,305,none
330,S,R,0.07218,0.04616,-1.05,305,none
330,S,S,0,0,0,305,none
330,S,T,-0.03529,0.1472,0.08169,305,none
330,S,V,-0.1767,0.02882,-1.259,305,none
330,S,W,-0.07549,-0.06387,-0.4867,305,none
330,S,Y,0.07063,-0.2534,-0.8147,305,none
331,N,A,-0.02415,-0.1835,-0.6533,306,none
331,N,C,-0.1622,-1.348,-3.135,306,none
331,N,D,-0.3263,-1.149,-3.121,306,none
331,N,E,-0.009559,-0.2823,-2.061,306,none
331,N,F,0.04722,0.2417,-3.455,306,none
331,N,G,0.09615,-0.005146,-2.569,306,none
331,N,H,-0.145,0.6969,-2.19,306,none
331,N,I,-0.03903,,-3.109,306,none
331,N,K,0.2202,-0.3449,-2.69,306,none
331,N,L,-0.1471,,-3.407,306,none
331,N,M,-0.0913,,-3.459,306,none
331,N,N,0,0,0,306,none
331,N,P,0.13,-0.05704,-0.9762,306,none
331,N,Q,0.06503,-0.2621,-1.489,306,none
331,N,R,-0.2418,,-3.371,306,none
331,N,S,-0.05273,-0.1715,-2.072,306,none
331,N,T,-0.4864,-0.645,-2.075,306,none
331,N,V,0.2077,-0.01078,-1.829,306,none
331,N,W,,,-3.444,306,none
331,N,Y,,-0.2292,-3.436,306,none
332,I,A,,,-3.435,307,none
332,I,C,,,-3.106,307,none
332,I,D,,,-2.832,307,none
332,I,E,-0.198,-0.9419,-3.329,307,none
332,I,F,,,-3.112,307,none
332,I,G,,,-3.322,307,none
332,I,H,0.4365,-0.2007,-3.37,307,none
332,I,I,0,0,0,307,none
332,I,K,0.7398,-1.122,-3.341,307,none
332,I,L,-0.2337,,-3.287,307,none
332,I,M,-0.2181,-0.4888,-2.85,307,none
332,I,N,-0.1628,-0.05217,-3.429,307,none
332,I,P,1.114,,-3.026,307,none
332,I,Q,0.1031,-0.7494,-3.378,307,none
332,I,R,0.007526,,-2.925,307,none
332,I,S,-0.2101,-0.5349,-2.822,307,none
332,I,T,0.08363,-0.5141,-3.455,307,none
332,I,V,-0.1048,-0.204,-1.896,307,none
332,I,W,0.4163,-0.6495,-3.46,307,none
332,I,Y,-0.1969,-0.1551,-3.328,307,none
333,C,A,-0.2308,-0.5221,-3.153,308,none
333,C,C,0,0,0,308,none
333,C,D,-0.03663,1.05,-2.921,308,none
333,C,E,0.0613,-0.3965,-3.144,308,none
333,C,F,-0.09561,-0.2613,-3.257,308,none
333,C,G,,,-3.33,308,none
333,C,H,0.9019,-0.02942,-3.471,308,none
333,C,I,0.2748,-0.2435,-3.226,308,none
333,C,K,-0.02203,-0.2255,-3.128,308,none
333,C,L,-0.3716,-0.2689,-3.31,308,none
333,C,M,0.01604,-1.029,-3.099,308,none
333,C,N,-0.0458,-0.5833,-3.057,308,none
333,C,P,0.1342,-0.1361,-3.445,308,none
333,C,Q,0.4759,0.1265,-3.267,308,none
333,C,R,0.6369,-0.3976,-2.984,308,none
333,C,S,-0.2368,-0.6909,-3.171,308,none
333,C,T,0.3056,-0.4958,-3.338,308,none
333,C,V,-0.08372,0.0057,-2.91,308,none
333,C,W,-0.1635,-0.2768,-3.413,308,none
333,C,Y,-0.202,0.04235,-2.954,308,none
334,L,A,0.87,-0.2182,-3.353,309,none
334,L,C,,,-3.436,309,none
334,L,D,0.3158,-0.3059,-3.118,309,none
334,L,E,-0.3478,-0.02082,-3.351,309,none
334,L,F,0.05555,-0.9554,-3.22,309,none
334,L,G,-0.3988,-0.5873,-3.242,309,none
334,L,H,0.187,0.0003396,-2.07,309,none
334,L,I,-0.05253,-0.1209,0.8553,309,none
334,L,K,0.7552,0.2298,-2.874,309,none
334,L,L,0,0,0,309,none
334,L,M,-0.1167,0.09451,0.2647,309,none
334,L,N,0.005261,0.1388,-3.338,309,none
334,L,P,0.4651,-0.21,-2.974,309,none
334,L,Q,0.6988,,-2.583,309,none
334,L,R,0.3115,-0.5655,-3.156,309,none
334,L,S,-0.1028,-0.5202,-3.497,309,none
334,L,T,-0.007735,-0.03297,-3.421,309,none
334,L,V,-0.01595,0.002132,-1.187,309,none
334,L,W,,,-3.341,309,none
334,L,Y,0.02665,0.01178,-3.319,309,none
335,T,A,,-0.1019,-2.092,310,none
335,T,C,0.01672,-0.3162,0.1207,310,none
335,T,D,-0.387,-0.06593,-3.32,310,none
335,T,E,0.1078,-0.8129,-3.212,310,none
335,T,F,-0.1488,-0.6292,-2.445,310,none
335,T,G,-0.4823,-0.6494,-3.203,310,none
335,T,H,0.1806,-0.1449,-2.651,310,none
335,T,I,-0.5032,-1.045,-1.905,310,none
335,T,K,-0.08962,-0.7199,-1.522,310,none
335,T,L,0.07469,-0.2877,-1.04,310,none
335,T,M,,,-1.76,310,none
335,T,N,-0.1309,-0.8643,-3.215,310,none
335,T,P,-0.1556,-1.032,-3.393,310,none
335,T,Q,-0.1573,-0.2822,-2.087,310,none
335,T,R,0.8487,0.5114,0.3104,310,none
335,T,S,-0.09731,-0.3702,-2.817,310,none
335,T,T,0,0,0,310,none
335,T,V,-0.2232,-0.3902,-1.653,310,none
335,T,W,-0.25,0.325,-0.6697,310,none
335,T,Y,,-0.1786,-3.415,310,none
336,R,A,,-0.03131,-3.154,311,none
336,R,C,-0.08859,-0.3507,-3.205,311,none
336,R,D,,,-3.471,311,none
336,R,E,-0.2234,-0.07885,-3.229,311,none
336,R,F,-0.05229,-0.5477,-3.483,311,none
336,R,G,0.3315,-0.1971,-3.373,311,none
336,R,H,-0.1378,,-3.308,311,none
336,R,I,-0.03291,-0.8046,-3.481,311,none
336,R,K,-0.456,-0.702,-3.49,311,none
336,R,L,,,-3.411,311,none
336,R,M,-0.03382,-0.425,-3.418,311,none
336,R,N,,,-3.497,311,none
336,R,P,0.2075,-0.5796,-3.278,311,none
336,R,R,0,0,0,311,none
336,R,S,0.3261,-0.2284,-3.314,311,none
336,R,T,,,-3.372,311,none
336,R,V,-0.1137,-0.5161,-3.1,311,none
336,R,W,-0.03982,-0.4413,-3.277,311,none
336,R,Y,,,-3.29,311,none
337,T,A,0.09245,0.04444,-3.084,312,none
337,T,C,-0.05364,,-3.457,312,none
337,T,D,-0.02509,-0.8917,-3.37,312,none
337,T,E,-0.1183,-0.1904,-3.415,312,none
337,T,F,-0.1411,-0.6731,-3.014,312,none
337,T,G,-0.2481,,-3.417,312,none
337,T,H,0.04558,-0.1673,-3.422,312,none
337,T,I,-0.06406,-0.5543,-1.615,312,none
337,T,K,0.2641,-0.7199,-3.44,312,none
337,T,L,-0.2539,-0.1857,-2.868,312,none
337,T,M,0.178,-0.1063,-2.034,312,none
337,T,N,0.6504,-0.5293,-3.391,312,none
337,T,P,-0.06139,,-3.432,312,none
337,T,Q,,,-3.494,312,none
337,T,R,0.06266,-0.9944,-3.494,312,none
337,T,S,-0.3335,0.08178,-1.188,312,none
337,T,T,0,0,0,312,none
337,T,V,,,-3.347,312,none
337,T,W,0.2812,-0.6074,-3.343,312,none
337,T,Y,0.02386,-0.5223,-3.442,312,none
338,D,A,-0.1571,0.06014,-2.402,313,none
338,D,C,-0.2267,-0.3009,-3.385,313,none
338,D,D,0,0,0,313,none
338,D,E,-0.1262,-0.8196,-3.167,313,none
338,D,F,0.03226,-0.01573,-3.075,313,none
338,D,G,0.2623,-0.4266,-3.42,313,none
338,D,H,-0.08493,-0.5665,-3.415,313,none
338,D,I,0.05462,-0.634,-3.406,313,none
338,D,K,-0.1286,,-3.203,313,none
338,D,L,0.01705,-0.1888,-3.133,313,none
338,D,M,,0.09059,-3.409,313,none
338,D,N,0.2421,0.2636,-3.353,313,none
338,D,P,-0.1474,,-3.295,313,none
338,D,Q,0.0542,-0.08735,-3.321,313,none
338,D,R,-0.344,-0.2398,-3.248,313,none
338,D,S,,,-3.047,313,none
338,D,T,0.4594,-0.7576,-3.301,313,none
338,D,V,,,-3.154,313,none
338,D,W,-0.3376,-0.379,-2.011,313,none
338,D,Y,0.08775,-0.5084,-2.485,313,none
339,R,A,0.01413,-1.068,-3.409,314,none
339,R,C,-0.01893,-1.204,-3.486,314,none
339,R,D,-0.03867,,-3.271,314,none
339,R,E,0.4463,,-3.485,314,none
339,R,F,-0.1664,-1.407,-3.487,314,none
339,R,G,0.361,-0.7172,-3.493,314,none
339,R,I,0.4815,-0.3877,-3.286,314,none
339,R,K,-0.2617,,-3.349,314,none
339,R,L,-0.1078,0.1126,-3.498,314,none
339,R,M,1.729,,-3.493,314,none
339,R,N,,,-3.37,314,none
339,R,P,,,-3.41,314,none
339,R,Q,-0.3797,-0.2975,-3.444,314,none
339,R,R,0,0,0,314,none
339,R,S,0.9523,,-3.385,314,none
339,R,T,0.1302,-0.6124,-3.485,314,none
339,R,V,-0.1163,-0.8966,-3.474,314,none
339,R,W,0.5417,-0.4172,-3.483,314,none
339,R,Y,,-1.178,-3.386,314,none
340,G,A,-0.191,0.2023,-3.054,315,none
340,G,C,-0.0236,-0.4189,-3.251,315,none
340,G,D,-0.3861,-1.809,-3.275,315,none
340,G,E,0.2866,-0.3823,-3.323,315,none
340,G,F,0.02709,-0.138,-3.341,315,none
340,G,G,0,0,0,315,none
340,G,H,-0.05461,0.2781,-3.204,315,none
340,G,I,-0.4149,-0.5867,-3.413,315,none
340,G,K,-0.1772,-0.3126,-3.325,315,none
340,G,L,,,-3.197,315,none
340,G,M,-0.01558,0.2453,-3.169,315,none
340,G,N,0.3388,-1.087,-3.197,315,none
340,G,P,0.4345,0.3365,-3.202,315,none
340,G,Q,-0.00909,-0.1189,-3.164,315,none
340,G,R,0.1147,-0.4031,-3.19,315,none
340,G,S,-0.08154,-0.4435,-3.257,315,none
340,G,T,0.06799,0.3283,-3.413,315,none
340,G,V,-0.2052,0.1883,-3.353,315,none
340,G,W,0.07454,-0.6517,-3.236,315,none
340,G,Y,,,-3.048,315,none
341,W,A,-0.1281,0.009153,-3.09,316,none
341,W,C,0.5305,0.6229,-3.211,316,none
341,W,D,0.3475,-0.8838,-3.192,316,none
341,W,E,0.5958,0.2831,-3.221,316,none
341,W,F,-0.4732,-0.2612,-0.8239,316,none
341,W,G,-0.3343,-0.2176,-3.18,316,none
341,W,H,-0.1893,0.543,-3.41,316,none
341,W,I,-0.7006,,-3.011,316,none
341,W,K,,,-3.029,316,none
341,W,L,-0.4671,-1.113,-3.415,316,none
341,W,M,-0.04793,-0.7986,-1.599,316,none
341,W,N,0.3431,-0.1301,-3.141,316,none
341,W,P,0.1601,0.45,-3.018,316,none
341,W,Q,-0.3587,-0.4311,-3.375,316,none
341,W,R,0.7417,-0.5061,-3.218,316,none
341,W,S,-0.1716,-0.2625,-3.385,316,none
341,W,T,0.1849,0.007731,-3.153,316,none
341,W,W,0,0,0,316,none
341,W,Y,-0.1661,-0.304,-2.063,316,none
342,Y,A,-0.04384,,-3.426,317,none
342,Y,C,-0.01855,-1.062,-3.303,317,none
342,Y,D,0.4492,-0.01655,-2.913,317,none
342,Y,E,,,-3.101,317,none
342,Y,F,0.1365,0.3901,0.6522,317,none
342,Y,G,-0.04218,-0.2788,-3.119,317,none
342,Y,H,-0.09056,0.145,1.07,317,none
342,Y,I,,,-3.354,317,none
342,Y,K,,,-3.152,317,none
342,Y,L,-0.06331,-0.1199,-3.111,317,none
342,Y,M,-0.008023,0.0196,-2.998,317,none
342,Y,N,0.3642,-0.4366,-3.404,317,none
342,Y,P,-0.215,-0.8069,-3.356,317,none
342,Y,Q,0.2069,,-3.319,317,none
342,Y,R,-0.09786,-0.6903,-3.335,317,none
342,Y,S,,,-3.387,317,none
342,Y,T,0.03108,-0.9756,-3.229,317,none
342,Y,V,0.1974,0.9363,-3.327,317,none
342,Y,W,0.6035,-0.3517,-3.295,317,none
342,Y,Y,0,0,0,317,none
343,C,A,0.0177,-0.1452,-3.095,318,none
343,C,C,0,0,0,318,none
343,C,D,-0.1154,-0.1258,-3.304,318,none
343,C,E,-0.1307,-0.06332,-3.288,318,none
343,C,F,-0.06263,-0.9705,-3.406,318,none
343,C,G,0.5322,-0.7812,-3.319,318,none
343,C,H,-0.1507,-0.5371,-3.313,318,none
343,C,I,0.07226,-0.2219,-3.386,318,none
343,C,K,-0.2338,-0.2468,-3.362,318,none
343,C,L,-0.3326,-0.8323,-3.197,318,none
343,C,M,0.3307,-1.438,-3.393,318,none
343,C,N,-0.04453,,-2.649,318,none
343,C,P,-0.1201,-0.3406,-3.252,318,none
343,C,Q,-0.1418,-0.09263,-3.18,318,none
343,C,R,-0.07925,-0.1076,-3.226,318,none
343,C,S,-0.2635,-0.397,-3.299,318,none
343,C,T,0.6971,-0.04469,-3.151,318,none
343,C,V,-0.1404,-0.9593,-3.466,318,none
343,C,W,0.05292,,-3.24,318,none
343,C,Y,0.4209,0.08446,-3.295,318,none
344,D,A,0.2266,-0.07632,-1.28,319,none
344,D,C,-0.04853,-0.8614,-2.612,319,none
344,D,D,0,0,0,319,none
344,D,E,-0.009668,-0.2473,0.5211,319,none
344,D,F,-0.03462,0.03251,-2.273,319,none
344,D,G,0.1387,0.02578,-2.782,319,none
344,D,H,0.2538,0.004366,-1.051,319,none
344,D,I,-0.04374,,-3.299,319,none
344,D,K,0.2559,0.181,-2.777,319,none
344,D,L,0.2932,-0.114,-2.292,319,none
344,D,M,0.1899,-0.643,-2.218,319,none
344,D,N,0.2022,0.02643,-1.081,319,none
344,D,P,-0.06636,0.1793,-3.429,319,none
344,D,Q,0.3775,0.1075,-1.562,319,none
344,D,R,-0.161,-0.5542,-3.203,319,none
344,D,S,0.1929,-0.03897,-0.9152,319,none
344,D,T,0.04462,-0.2959,-2.276,319,none
344,D,V,0.3199,-0.6319,-3.106,319,none
344,D,W,0.2941,-0.3444,-3.181,319,none
344,D,Y,-0.2567,-0.1243,-2.863,319,none
345,N,A,,,-3.267,320,region_III
345,N,C,,,-3.417,320,region_III
345,N,D,0.1087,-0.2776,-0.896,320,region_III
345,N,E,0.005671,-0.148,-3.4,320,region_III
345,N,F,-0.03801,-1.076,-3.402,320,region_III
345,N,G,,,-3.374,320,region_III
345,N,H,,,-3.497,320,region_III
345,N,I,-0.1187,,-3.428,320,region_III
345,N,K,-0.3909,-0.2783,-3.494,320,region_III
345,N,L,1.537,,-3.405,320,region_III
345,N,M,0.1933,-0.01944,-3.354,320,region_III
345,N,N,0,0,0,320,region_III
345,N,P,0.04066,0.3309,-3.396,320,region_III
345,N,Q,-0.3391,,-3.331,320,region_III
345,N,R,,,-3.385,320,region_III
345,N,S,-0.2286,0.3094,0.2373,320,region_III
345,N,T,,,-3.311,320,region_III
345,N,V,-0.08384,,-3.25,320,region_III
345,N,W,0.02396,-0.3667,-3.41,320,region_III
345,N,Y,0.3602,0.6591,-3.223,320,region_III
346,A,A,0,0,0,321,region_III
346,A,C,-0.03993,,-3.127,321,region_III
346,A,D,-0.2839,-0.7937,-3.5,321,region_III
346,A,E,-0.0232,,-3.509,321,region_III
346,A,F,-0.04182,-0.8143,-3.508,321,region_III
346,A,G,-0.1489,-0.2056,-1.926,321,region_III
346,A,H,,,-3.242,321,region_III
346,A,I,-0.137,,-3.438,321,region_III
346,A,K,-0.0263,-0.06143,-3.346,321,region_III
346,A,L,0.03977,,-3.505,321,region_III
346,A,M,-0.01109,,-3.413,321,region_III
346,A,N,,,-3.284,321,region_III
346,A,P,,,-3.248,321,region_III
346,A,Q,-0.08582,-0.0426,-3.4,321,region_III
346,A,R,0.04506,,-3.474,321,region_III
346,A,S,-0.04524,-0.3621,-3.266,321,region_III
346,A,T,0.3267,-0.8994,-3.498,321,region_III
346,A,V,0.2969,-0.06806,-3.527,321,region_III
346,A,W,-0.1238,-0.4777,-3.462,321,region_III
346,A,Y,-0.2243,,-3.496,321,region_III
347,G,A,0.2357,-0.3114,-3.06,322,region_III
347,G,C,0.2152,-0.1385,-3.431,322,region_III
347,G,D,0.342,0.2087,0.7001,322,region_III
347,G,E,-0.02734,-0.2271,-2.534,322,region_III
347,G,F,,,-3.345,322,region_III
347,G,G,0,0,0,322,region_III
347,G,H,-0.2297,-0.5088,-3.421,322,region_III
347,G,I,0.4436,-0.7939,-3.434,322,region_III
347,G,K,,,-3.355,322,region_III
347,G,L,-0.03946,0.1173,-3.485,322,region_III
347,G,M,0.01639,-0.2721,-3.38,322,region_III
347,G,N,0.08266,,-3.15,322,region_III
347,G,P,0.4494,-0.01779,-3.508,322,region_III
347,G,Q,0.6915,-0.1392,-3.495,322,region_III
347,G,R,,-0.8336,-3.321,322,region_III
347,G,S,-0.244,-0.6179,-3.415,322,region_III
347,G,T,-0.06339,,-3.464,322,region_III
347,G,V,0.2714,-0.6258,-3.432,322,region_III
347,G,W,0.02517,,-3.462,322,region_III
347,G,Y,,,-3.457,322,region_III
348,S,A,-0.08564,-0.3405,0.8092,323,region_III
348,S,C,-0.139,-1.06,-1.839,323,region_III
348,S,D,-0.6039,-0.6402,-0.1255,323,region_III
348,S,E,-0.3554,-0.05826,-0.9979,323,region_III
348,S,F,-0.1116,-0.1223,-0.6605,323,region_III
348,S,G,-0.1115,0.4677,-2.612,323,region_III
348,S,H,0.06179,-0.06081,-2.342,323,region_III
348,S,I,0.1749,-0.3401,-2.518,323,region_III
348,S,K,0.07561,0.1299,-2.739,323,region_III
348,S,L,-0.2731,0.1959,-0.5734,323,region_III
348,S,M,-0.4392,-0.2852,-0.9893,323,region_III
348,S,N,-0.3989,-0.2606,-3.436,323,region_III
348,S,P,-0.3525,-0.4098,-3.445,323,region_III
348,S,Q,-0.5022,-0.4844,-1.654,323,region_III
348,S,R,0.1849,-0.1765,-3.325,323,region_III
348,S,S,0,0,0,323,region_III
348,S,T,0.1949,-0.1103,-2.042,323,region_III
348,S,V,-0.07179,-0.3485,-1.2,323,region_III
348,S,W,0.04296,0.4729,-2.765,323,region_III
348,S,Y,-0.4054,-0.1537,-1.498,323,region_III
349,V,A,-0.08206,0.2523,0.8954,324,region_III
349,V,C,-0.07525,-0.4182,-3.266,324,region_III
349,V,D,0.09803,,-3.29,324,region_III
349,V,E,-0.3752,-0.508,-1.109,324,region_III
349,V,F,0.2953,-0.3711,-2.666,324,region_III
349,V,G,0.3096,-0.1279,-3.269,324,region_III
349,V,H,0.3116,,-3.382,324,region_III
349,V,I,0.1329,0.1471,-0.4209,324,region_III
349,V,K,-0.2729,-0.5628,-3.36,324,region_III
349,V,L,0.3431,-0.1846,-0.7138,324,region_III
349,V,M,0.05087,-0.3301,-1.335,324,region_III
349,V,N,-0.07923,-0.3819,-3.118,324,region_III
349,V,P,0.05323,,-3.329,324,region_III
349,V,Q,-0.03728,-0.7123,-3.103,324,region_III
349,V,R,-0.008598,-0.7536,-3.115,324,region_III
349,V,S,-0.3406,-0.1629,-0.5324,324,region_III
349,V,T,0.03633,-0.08442,-1.062,324,region_III
349,V,V,0,0,0,324,region_III
349,V,W,1.375,,-3.055,324,region_III
349,V,Y,-0.1077,-0.08827,-1.624,324,region_III
350,S,A,0.03583,-0.6797,-3.167,325,region_III
350,S,C,0.6738,0.2953,-3.306,325,region_III
350,S,D,-0.2432,-0.1618,-1.427,325,region_III
350,S,E,-0.1946,-1.208,-3.478,325,region_III
350,S,F,-0.2005,-0.9963,-3.449,325,region_III
350,S,G,0.74,-0.3721,-3.186,325,region_III
350,S,H,-0.06107,,-3.405,325,region_III
350,S,I,-0.0745,-1.427,-3.437,325,region_III
350,S,K,-0.2502,-0.2186,-3.473,325,region_III
350,S,L,-0.01772,-0.2572,-3.478,325,region_III
350,S,M,,-1.682,-3.399,325,region_III
350,S,N,0.2105,0.2646,-2.46,325,region_III
350,S,P,-0.457,-1.081,-3.199,325,region_III
350,S,Q,-0.2639,-0.3421,-1.681,325,region_III
350,S,R,-0.07166,,-3.25,325,region_III
350,S,S,0,0,0,325,region_III
350,S,T,-0.02969,,-3.473,325,region_III
350,S,V,-0.4637,,-3.437,325,region_III
350,S,W,0.42,0.05218,-3.462,325,region_III
350,S,Y,-0.1148,-1.512,-3.504,325,region_III
351,F,C,0.7323,-0.6469,-3.423,326,region_III
351,F,D,,,-3.016,326,region_III
351,F,E,-0.2487,-0.6243,-3.064,326,region_III
351,F,F,0,0,0,326,region_III
351,F,G,,,-3.404,326,region_III
351,F,H,0.2031,,-3.213,326,region_III
351,F,I,-0.08392,-0.6979,-3.396,326,region_III
351,F,K,-0.186,,-3.256,326,region_III
351,F,L,0.3306,-0.3951,-3.137,326,region_III
351,F,M,-0.08765,-0.1953,-0.707,326,region_III
351,F,N,0.7398,-0.525,-3.483,326,region_III
351,F,P,0.03926,,-3.196,326,region_III
351,F,Q,-0.1882,-0.5245,-3.439,326,region_III
351,F,R,0.6967,0.3828,-3.454,326,region_III
351,F,S,-0.01088,,-3.418,326,region_III
351,F,T,0.0692,,-3.457,326,region_III
351,F,V,,,-2.891,326,region_III
351,F,W,,,-3.087,326,region_III
351,F,Y,-0.08619,-0.1907,-0.8461,326,region_III
352,F,A,-0.1192,,-3.279,327,region_III
352,F,C,-0.3358,,-3.17,327,region_III
352,F,D,-0.383,-0.2535,-3.338,327,region_III
352,F,E,,,-3.41,327,region_III
352,F,F,0,0,0,327,region_III
352,F,H,-0.08147,-0.6231,-2.407,327,region_III
352,F,I,-0.4057,-0.4428,-2.725,327,region_III
352,F,K,,,-2.235,327,region_III
352,F,L,-0.1968,0.1232,-3.175,327,region_III
352,F,M,-0.01927,-0.1404,-0.537,327,region_III
352,F,N,,,-3.316,327,region_III
352,F,P,-0.2435,,-3.45,327,region_III
352,F,R,-0.2481,,-3.13,327,region_III
352,F,S,-0.2609,-1.261,-3.468,327,region_III
352,F,T,0.06422,-0.173,-3.143,327,region_III
352,F,V,0.03787,-1.21,-2.616,327,region_III
352,F,W,-0.3148,-0.3048,-0.7139,327,region_III
352,F,Y,-0.04116,-0.9064,-3.136,327,region_III
353,P,A,-0.1948,-0.7458,-3.414,328,none
353,P,C,-0.4477,-0.8536,-3.245,328,none
353,P,D,,,-3.404,328,none
353,P,E,,,-3.449,328,none
353,P,F,-0.1657,-0.6737,-3.474,328,none
353,P,G,,-0.8909,-3.226,328,none
353,P,H,-0.1564,-0.08031,-3.513,328,none
353,P,I,,,-3.465,328,none
353,P,K,1.194,-0.2863,-3.414,328,none
353,P,L,0.1898,-0.7256,-3.489,328,none
353,P,M,,,-3.367,328,none
353,P,N,-0.1726,,-3.407,328,none
353,P,P,0,0,0,328,none
353,P,Q,,,-3.436,328,none
353,P,R,0.5884,0.2556,-3.441,328,none
353,P,S,-0.1625,-0.2006,-3.436,328,none
353,P,T,-0.6212,-1.14,-3.532,328,none
353,P,V,-0.3421,-0.00285,-3.438,328,none
353,P,W,,,-3.452,328,none
353,P,Y,,,-3.378,328,none
354,Q,A,0.02995,-0.0172,-0.4209,329,none
354,Q,C,-0.1128,0.1497,-0.7633,329,none
354,Q,D,0.002773,0.1924,-0.865,329,none
354,Q,E,-0.2609,-0.1542,-0.5612,329,none
354,Q,F,-0.1698,-0.3778,-2.598,329,none
354,Q,G,,-0.5842,-2.439,329,none
354,Q,H,-0.2757,-0.4867,-1.252,329,none
354,Q,I,0.007125,0.1872,0.1046,329,none
354,Q,K,0.1056,0.2027,0.2124,329,none
354,Q,L,0.3204,0.1931,-0.05407,329,none
354,Q,M,0.1146,0.2486,0.2112,329,none
354,Q,N,0.1711,0.0503,-0.3626,329,none
354,Q,P,-0.1713,-0.2223,-1.196,329,none
354,Q,Q,0,0,0,329,none
354,Q,R,0.1157,0.0661,0.5746,329,none
354,Q,S,-0.1767,-0.6249,-0.7524,329,none
354,Q,T,0.1867,0.1455,-0.1249,329,none
354,Q,V,0.0558,-0.1058,0.3119,329,none
354,Q,W,-0.2244,-0.06641,-2.574,329,none
354,Q,Y,,-0.1766,-2.206,329,none
355,A,A,0,0,0,330,none
355,A,C,-0.2549,-0.1136,-0.7253,330,none
355,A,D,-0.4869,-0.4588,-1.429,330,none
355,A,E,0.03229,-0.01161,-1.09,330,none
355,A,F,-0.01494,-0.4423,-0.7721,330,none
355,A,G,0.4369,-0.3952,-0.5578,330,none
355,A,H,-0.0443,-0.3359,-0.1888,330,none
355,A,I,-0.2998,0.1058,-0.0491,330,none
355,A,K,-0.0174,-0.3967,-0.04074,330,none
355,A,L,0.01688,0.03944,0.3332,330,none
355,A,M,-0.04387,-0.1639,-0.02221,330,none
355,A,N,,,-3.277,330,none
355,A,P,0.2256,0.268,0.6657,330,none
355,A,Q,0.001286,-0.04234,-0.179,330,none
355,A,R,-0.1272,0.2127,-0.2273,330,none
355,A,S,0.04857,-0.07908,0.03526,330,none
355,A,T,-0.237,0.2876,-0.03434,330,none
355,A,V,-0.2442,-0.0325,-0.2695,330,none
355,A,W,0.06301,-0.1005,-0.4405,330,none
355,A,Y,-0.258,-0.4507,-0.6261,330,none
356,E,A,-0.1188,-0.1385,-0.1834,331,none
356,E,C,-0.1853,-0.592,-2.149,331,none
356,E,D,-0.2282,0.2466,0.000765,331,none
356,E,E,0,0,0,331,none
356,E,F,0.01854,-0.6305,-0.5015,331,none
356,E,G,-0.1836,0.2967,0.2502,331,none
356,E,H,0.07965,-0.1459,-0.4332,331,none
356,E,I,0.2399,0.1759,-0.8305,331,none
356,E,K,-0.2183,-0.5989,-0.01,331,none
356,E,L,-0.4053,-0.1111,-1.145,331,none
356,E,M,0.03157,0.1385,-0.03055,331,none
356,E,N,0.0456,0.0008381,0.3095,331,none
356,E,P,-0.101,-0.1821,-0.1665,331,none
356,E,Q,-0.08543,-0.01737,-0.5598,331,none
356,E,R,-0.02261,0.001696,0,331,none
356,E,S,0.01808,0.01957,-0.02905,331,none
356,E,T,0.1482,0.08661,-0.02525,331,none
356,E,V,-0.1331,-0.2098,-0.4852,331,none
356,E,W,0.1192,-0.3033,-0.4143,331,none
356,E,Y,-0.3429,-0.2875,-0.6608,331,none
357,T,A,0.1481,-0.5983,-1.359,332,none
357,T,C,-0.06448,-0.3806,-2.766,332,none
357,T,D,0.1929,0.1346,0.1056,332,none
357,T,E,0.09422,-0.3629,-2.68,332,none
357,T,F,0.2165,0.1629,-0.432,332,none
357,T,G,0.1886,0.03544,-1.615,332,none
357,T,H,0.3718,0.104,-2.175,332,none
357,T,I,0.0268,-0.854,-2.611,332,none
357,T,K,0.102,-0.1351,-2.417,332,none
357,T,L,0.2419,-0.2526,-1.637,332,none
357,T,M,-0.2541,-0.5579,-2.724,332,none
357,T,N,-0.007382,-0.3119,-2.375,332,none
357,T,P,0.04646,-0.4427,-2.872,332,none
357,T,Q,0.2081,,-3.395,332,none
357,T,R,-0.05244,-0.4957,-2.994,332,none
357,T,S,-0.1576,0.01595,-0.189,332,none
357,T,T,0,0,0,332,none
357,T,V,-0.2152,-0.4624,-0.4699,332,none
357,T,W,-0.04479,-0.4234,-1.793,332,none
357,T,Y,0.1296,0.2169,-0.6477,332,none
358,C,A,-0.1131,,-3.415,333,none
358,C,C,0,0,0,333,none
358,C,D,0.3447,-0.1203,-3.122,333,none
358,C,E,0.01547,0.4442,-2.954,333,none
358,C,F,0.07569,-1.288,-3.293,333,none
358,C,G,0.0311,-0.5452,-3.143,333,none
358,C,H,-0.1398,0.5526,-3.127,333,none
358,C,I,-0.3271,0.8459,-3.217,333,none
358,C,K,0.04952,-0.1901,-3.333,333,none
358,C,L,0.2169,-0.2461,-3.322,333,none
358,C,M,,,-3.232,333,none
358,C,N,-0.0362,-0.1243,-3.242,333,none
358,C,P,-0.006248,0.4304,-2.934,333,none
358,C,Q,,-0.9703,-3.445,333,none
358,C,R,0.1103,-0.5024,-3.318,333,none
358,C,S,,-0.02762,-3.413,333,none
358,C,T,-0.2353,-0.04124,-3.296,333,none
358,C,V,,,-2.931,333,none
358,C,W,-0.09023,-0.53,-3.424,333,none
358,C,Y,0.08492,-0.4149,-3.402,333,none
359,K,A,-0.3013,-0.9489,-3.079,334,none
359,K,C,0.03606,-0.4151,-3.015,334,none
359,K,D,,,-3.396,334,none
359,K,E,-0.1562,-0.3643,-3.452,334,none
359,K,F,0.05803,0.1154,-0.337,334,none
359,K,G,-0.06683,-0.6472,-3.479,334,none
359,K,H,-0.0494,0.1672,-0.3657,334,none
359,K,I,-0.006049,0.05405,-1.136,334,none
359,K,K,0,0,0,334,none
359,K,L,0.08489,0.1247,-0.8582,334,none
359,K,M,0.118,0.06921,-0.3279,334,none
359,K,N,0.07369,-0.6054,-3.243,334,none
359,K,P,-0.05259,-0.362,-3.442,334,none
359,K,Q,-0.9022,-0.7846,-2.893,334,none
359,K,R,-0.02303,0.2304,-0.0236,334,none
359,K,S,0.2763,-0.4656,-2.892,334,none
359,K,T,-0.06406,-0.1362,-2.47,334,none
359,K,V,-0.3345,0.138,-3.155,334,none
359,K,W,0.01368,0.1097,-0.6779,334,none
359,K,Y,0.183,0.1148,0.341,334,none
360,V,A,-0.01858,-0.2334,-1.232,335,none
360,V,D,-0.1811,-0.3135,-1.323,335,none
360,V,E,-0.626,-0.139,-0.1985,335,none
360,V,F,-0.02779,-0.1367,-2.014,335,none
360,V,G,-0.2638,-0.1474,-0.6056,335,none
360,V,H,-0.01056,-0.02273,-0.3642,335,none
360,V,K,0.2957,0.2344,-0.0995,335,none
360,V,L,0.7219,0.3286,-0.313,335,none
360,V,M,0.08255,0.07984,-0.4887,335,none
360,V,N,,,-3.202,335,none
360,V,P,0.01084,-0.07525,0.1211,335,none
360,V,Q,-0.06992,0.04708,-0.062,335,none
360,V,R,0.01981,0.03045,-0.446,335,none
360,V,S,-0.1654,0.1029,-0.7937,335,none
360,V,T,0.02147,-0.3511,-0.7662,335,none
360,V,V,0,0,0,335,none
360,V,W,-1.106,-0.6812,-2.419,335,none
360,V,Y,-0.2403,-0.3575,-1.715,335,none
361,Q,A,0.1872,0.1728,0.7348,336,none
361,Q,C,0.005696,0.2455,0.372,336,none
361,Q,D,0.621,-0.5117,-3.469,336,none
361,Q,E,-0.114,0.7569,-3.406,336,none
361,Q,F,,-0.5717,-2.021,336,none
361,Q,G,0.07875,0.08099,-0.2044,336,none
361,Q,H,-0.01801,0.09634,-1.338,336,none
361,Q,I,0.07262,0.5291,-0.1878,336,none
361,Q,K,0.09204,-0.1059,-1.671,336,none
361,Q,L,0.2731,0.3074,-1.27,336,none
361,Q,M,0.3713,0.7599,-1.166,336,none
361,Q,N,-0.1213,-0.7602,0.1472,336,none
361,Q,P,-0.5221,0.02781,-3.276,336,none
361,Q,Q,0,0,0,336,none
361,Q,R,0.01465,-0.6963,-0.06542,336,none
361,Q,S,-0.1126,-0.4027,-0.946,336,none
361,Q,T,0.6607,-0.07639,-0.00678,336,none
361,Q,V,0.1643,0.242,-0.6775,336,none
361,Q,Y,,,-2.106,336,none
362,S,A,-0.07638,-0.4832,-0.1222,337,none
362,S,C,-0.08468,-0.4287,-2.312,337,none
362,S,D,-0.2184,-0.6884,-2.373,337,none
362,S,E,-0.1024,-0.1424,-1.188,337,none
362,S,F,-0.1019,-0.03372,-0.3762,337,none
362,S,G,1.006,-0.6018,-0.08943,337,none
362,S,H,-0.08638,-0.1025,0.2586,337,none
362,S,I,0.3008,0.04391,-0.1077,337,none
362,S,K,-0.09275,-0.04393,-0.4383,337,none
362,S,L,-0.0946,0.282,0.2664,337,none
362,S,M,-0.09827,0.02127,0.0457,337,none
362,S,N,0.07161,-0.03639,0.05345,337,none
362,S,P,-0.1058,-0.1988,-2.305,337,none
362,S,Q,-0.09179,0.09068,0.5363,337,none
362,S,R,0.05001,,-0.683,337,none
362,S,S,0,0,0,337,none
362,S,T,0.01138,0.1772,0.1851,337,none
362,S,V,-0.0005632,0.1159,0.1898,337,none
362,S,W,0.06188,-0.01597,-0.1792,337,none
362,S,Y,0.09028,-0.1014,-0.2897,337,none
363,N,A,-0.2495,-0.1381,0.2493,338,none
363,N,C,0.01334,0.1855,-0.5686,338,none
363,N,D,-0.2096,-0.1915,0.1458,338,none
363,N,E,-0.5345,-0.06591,0.3377,338,none
363,N,F,-0.07473,0.02634,0.1652,338,none
363,N,G,0.03364,0.03733,-0.1363,338,none
363,N,H,0.169,-0.1631,0.07315,338,none
363,N,I,0.3735,0.1288,-0.00284,338,none
363,N,K,-0.2224,-0.1318,-0.9757,338,none
363,N,L,,,-1.279,338,none
363,N,M,0.08834,,0.1299,338,none
363,N,N,0,0,0,338,none
363,N,Q,,,-0.1118,338,none
363,N,R,0.4386,0.4382,-0.113,338,none
363,N,S,-0.1719,0.1665,0.4248,338,none
363,N,T,-0.09096,0.02568,-0.07846,338,none
363,N,V,0.1277,0.2291,0.6709,338,none
363,N,W,,,0.6456,338,none
363,N,Y,0.04377,,0.584,338,none
364,R,A,-0.01637,-0.4598,-3.391,339,none
364,R,C,0.4802,0.4186,-3.296,339,none
364,R,D,0.4717,-1.034,-3.455,339,none
364,R,E,-0.2804,-0.362,-3.387,339,none
364,R,F,-0.1257,-0.3495,-1.321,339,none
364,R,G,-0.3075,,-3.369,339,none
364,R,H,,,-1.948,339,none
364,R,I,0.05112,-0.05212,-0.7133,339,none
364,R,K,-0.3706,-0.3083,-3.478,339,none
364,R,L,0.223,0.1692,-2.156,339,none
364,R,M,0.3616,-0.09414,-2.725,339,none
364,R,N,-0.06218,-0.195,-2.303,339,none
364,R,P,,,-3.24,339,none
364,R,Q,0.4026,-0.6055,-2.484,339,none
364,R,R,0,0,0,339,none
364,R,S,-0.1122,-0.1094,-3.138,339,none
364,R,T,-0.04593,0.05418,-0.8985,339,none
364,R,V,-0.2773,0.172,-0.3345,339,none
364,R,W,-0.4083,-0.1562,-1.022,339,none
364,R,Y,0.08059,0.2262,-0.2024,339,none
365,V,A,0.05507,,-0.4605,340,none
365,V,C,-0.3395,-0.04123,-0.6466,340,none
365,V,D,-0.2262,-0.3143,-3.253,340,none
365,V,E,1.311,-0.1622,-3.202,340,none
365,V,F,,,-3.49,340,none
365,V,G,-0.1089,-0.838,-3.127,340,none
365,V,H,-0.04383,-0.5879,-3.381,340,none
365,V,I,-0.07622,-0.01744,-1.142,340,none
365,V,K,0.7921,0.1491,-3.306,340,none
365,V,L,0.2366,0.3051,-1.353,340,none
365,V,M,0.1268,-0.5666,-3.37,340,none
365,V,N,-0.4075,-0.2494,-3.406,340,none
365,V,P,0.03625,-0.5375,-3.163,340,none
365,V,Q,0.07965,0.09362,-3.256,340,none
365,V,R,-0.2594,0.06044,-3.361,340,none
365,V,S,-0.3544,-0.3914,-3.387,340,none
365,V,T,,-0.801,-3.378,340,none
365,V,V,0,0,0,340,none
365,V,W,0.3172,0.07016,-3.141,340,none
365,V,Y,-0.1916,-0.6897,-3.336,340,none
366,F,A,-0.03592,,-3.168,341,none
366,F,C,,0.2812,-3.492,341,none
366,F,D,0.07293,-0.8798,-3.324,341,none
366,F,E,0.06611,-0.5996,-3.254,341,none
366,F,F,0,0,0,341,none
366,F,G,0.01966,,-3.083,341,none
366,F,H,-0.005613,0.08563,-3.409,341,none
366,F,I,0.3765,-0.5132,-2.452,341,none
366,F,K,0.02324,0.1432,-3.179,341,none
366,F,L,-0.08476,-0.01681,-2.632,341,none
366,F,M,-0.1099,-0.3965,-2.705,341,none
366,F,N,-0.4641,-0.8308,-3.374,341,none
366,F,P,-0.4175,-0.1172,-3.452,341,none
366,F,Q,,-0.5804,-2.966,341,none
366,F,R,-0.006678,-0.1423,-3.341,341,none
366,F,S,-0.3568,-0.6104,-3.393,341,none
366,F,T,-0.124,,-3.143,341,none
366,F,V,-0.04424,0.6336,-3.446,341,none
366,F,W,-0.2203,0.1293,-1.383,341,none
366,F,Y,-0.2785,0.1055,-1.374,341,none
367,C,A,-0.08004,-0.421,-2.703,342,region_III
367,C,C,0,0,0,342,region_III
367,C,D,,,-1.213,342,region_III
367,C,E,0.2025,-0.3312,-3.215,342,region_III
367,C,F,-0.1734,-0.8485,-3.237,342,region_III
367,C,G,-0.3481,-0.7375,-3.497,342,region_III
367,C,H,0.4714,-0.3043,-3.4,342,region_III
367,C,I,-0.06159,-0.1354,-3.176,342,region_III
367,C,K,0.08112,0.09549,-3.196,342,region_III
367,C,M,-0.08799,-0.7165,-3.407,342,region_III
367,C,N,-0.055,0.007237,-3.256,342,region_III
367,C,P,-0.2272,-0.02893,-3.305,342,region_III
367,C,Q,-0.1873,-0.5713,-3.362,342,region_III
367,C,R,0.006516,-0.00501,-3.166,342,region_III
367,C,S,-0.06048,-0.4048,-3.335,342,region_III
367,C,T,0.2645,-0.04146,-3.291,342,region_III
367,C,V,0.01364,-0.4132,-3.335,342,region_III
367,C,W,-0.02431,-0.1945,-3.069,342,region_III
367,C,Y,0.255,-0.5111,-3.082,342,region_III
368,D,A,,,-2.354,343,region_III
368,D,C,0.2181,-0.3529,-3.35,343,region_III
368,D,D,0,0,0,343,region_III
368,D,E,0.09633,-0.3378,-1.886,343,region_III
368,D,F,-0.08517,-0.5146,-3.255,343,region_III
368,D,G,-0.2015,-0.5278,-3.539,343,region_III
368,D,H,-0.1812,,-3.07,343,region_III
368,D,I,1.105,-0.652,-3.351,343,region_III
368,D,K,0.4212,,-3.122,343,region_III
368,D,L,-0.02168,-0.06588,-3.41,343,region_III
368,D,M,-0.347,-0.4447,-3.433,343,region_III
368,D,N,-0.2446,-0.1306,-0.8257,343,region_III
368,D,P,-0.0506,-0.8518,-3.462,343,region_III
368,D,Q,,,-3.166,343,region_III
368,D,R,0.9865,-0.1005,-3.325,343,region_III
368,D,S,0.2698,-0.4181,-3.437,343,region_III
368,D,T,-0.01567,-0.7823,-3.397,343,region_III
368,D,V,-0.1625,-0.2999,-3.458,343,region_III
368,D,W,-0.2928,-0.2977,-2.893,343,region_III
368,D,Y,-0.0904,-0.009868,-3.29,343,region_III
369,T,A,-0.02839,-0.3646,-3.486,344,region_III
369,T,C,-0.08702,-0.1441,-1.584,344,region_III
369,T,D,,,-3.232,344,region_III
369,T,E,1.29,,-3.393,344,region_III
369,T,F,-0.05338,-0.3914,-3.511,344,region_III
369,T,G,-0.127,-0.09571,-3.447,344,region_III
369,T,H,-0.3917,0.4174,-3.455,344,region_III
369,T,I,-0.06213,-0.3629,-3.379,344,region_III
369,T,K,,,-3.494,344,region_III
369,T,L,-0.2234,0.006714,-2.573,344,region_III
369,T,M,-0.08724,-0.4082,-2.966,344,region_III
369,T,N,-0.003619,0.09292,-3.236,344,region_III
369,T,P,0.08344,0.2084,0.00565,344,region_III
369,T,Q,0.05386,0.4755,-2.403,344,region_III
369,T,R,1.003,,-3.498,344,region_III
369,T,S,-0.01599,0.0312,-2.87,344,region_III
369,T,T,0,0,0,344,region_III
369,T,V,0.07643,0.3516,-2.867,344,region_III
369,T,W,0.08622,-0.02344,-3.492,344,region_III
369,T,Y,,,-3.234,344,region_III
370,M,A,-0.2033,-0.03245,-0.7701,345,region_III
370,M,C,0.08585,,-3.287,345,region_III
370,M,D,0.311,-0.1879,-2.643,345,region_III
370,M,E,-0.003711,-0.2425,-1.741,345,region_III
370,M,F,-0.1225,-0.5722,-3.219,345,region_III
370,M,G,-0.06324,0.1323,0.2759,345,region_III
370,M,H,-0.1177,-0.4557,-0.5899,345,region_III
370,M,I,0.1321,-0.4735,-2.238,345,region_III
370,M,K,0.03907,0.2721,-3.417,345,region_III
370,M,L,0.2044,0.08896,-1.167,345,region_III
370,M,M,0,0,0,345,region_III
370,M,N,-0.1301,,-3.425,345,region_III
370,M,P,,,-3.384,345,region_III
370,M,Q,0.4621,-0.6149,-3.083,345,region_III
370,M,R,-0.06294,-0.8182,-3.452,345,region_III
370,M,S,,,-1.542,345,region_III
370,M,T,-0.09817,0.1324,-3.152,345,region_III
370,M,V,-0.05859,-1.054,-3.26,345,region_III
370,M,W,0.1786,-0.3996,-3.341,345,region_III
370,M,Y,-0.1457,-0.4294,-3.393,345,region_III
371,N,A,0.04449,-0.1469,0.663,346,region_III
371,N,C,-0.4471,0.07072,-0.9117,346,region_III
371,N,D,-0.2063,0.01966,0.4524,346,region_III
371,N,E,0.03903,-0.04581,0.9383,346,region_III
371,N,F,0.04348,0.3164,-1.558,346,region_III
371,N,G,0.06525,0.1441,0.09957,346,region_III
371,N,H,-0.01851,0.09934,0.3674,346,region_III
371,N,I,-0.1464,-0.7247,-3.022,346,region_III
371,N,K,0.08304,-0.06682,0.8098,346,region_III
371,N,L,0.1894,-0.1057,0.3484,346,region_III
371,N,M,0.267,0.1528,0.8799,346,region_III
371,N,N,0,0,0,346,region_III
371,N,P,-0.03706,-0.05153,-0.6343,346,region_III
371,N,Q,-0.04166,-0.01611,0.8108,346,region_III
371,N,R,0.1645,0.105,0.1812,346,region_III
371,N,S,-0.0897,0.1085,0.1335,346,region_III
371,N,T,-0.06542,0.3594,-0.6944,346,region_III
371,N,V,0.3349,-0.0313,-0.8841,346,region_III
371,N,W,0.05577,0.0555,0.1704,346,region_III
371,N,Y,0.04341,0.01689,-0.5074,346,region_III
372,S,A,-0.1956,,-3.14,347,region_III
372,S,C,0.1444,,-3.359,347,region_III
372,S,D,-0.4462,-0.9485,-3.437,347,region_III
372,S,E,0.132,-0.2232,-3.355,347,region_III
372,S,F,-0.2551,-1.069,-3.499,347,region_III
372,S,G,0.07311,-0.3329,-3.139,347,region_III
372,S,H,1.992,,-3.415,347,region_III
372,S,I,0.08208,-0.4779,-3.545,347,region_III
372,S,K,,,-3.413,347,region_III
372,S,L,,-0.4014,-3.445,347,region_III
372,S,M,,,-3.446,347,region_III
372,S,N,-0.2492,0.07689,-3.455,347,region_III
372,S,P,,,-3.474,347,region_III
372,S,Q,-0.1415,0.01544,-3.409,347,region_III
372,S,R,-0.2782,-1.061,-3.517,347,region_III
372,S,S,0,0,0,347,region_III
372,S,T,,,-3.421,347,region_III
372,S,V,,,-3.477,347,region_III
372,S,W,0.4016,-0.9151,-3.319,347,region_III
372,S,Y,,,-3.389,347,region_III
373,L,A,0.009461,-0.1731,-3.342,348,region_III
373,L,C,0.2076,,-3.378,348,region_III
373,L,D,,,-3.395,348,region_III
373,L,E,,,-3.49,348,region_III
373,L,F,-0.1563,-0.3122,-2.74,348,region_III
373,L,G,0.2361,-0.4443,-3.442,348,region_III
373,L,H,-0.04948,-0.5388,-3.45,348,region_III
373,L,I,0.1354,-0.1482,-0.1429,348,region_III
373,L,K,0.0111,-0.3189,-3.466,348,region_III
373,L,L,0,0,0,348,region_III
373,L,M,0.223,0.06106,0.541,348,region_III
373,L,N,,,-3.43,348,region_III
373,L,P,0.01797,0.09281,-3.518,348,region_III
373,L,Q,,,-3.395,348,region_III
373,L,R,,,-3.454,348,region_III
373,L,S,-0.03466,,-3.481,348,region_III
373,L,T,-0.007242,,-3.494,348,region_III
373,L,V,0.032,-0.007941,-3.33,348,region_III
373,L,W,-0.08673,0.07038,-3.449,348,region_III
373,L,Y,,,-3.456,348,region_III
374,T,A,-0.2573,-0.5416,-3.294,349,region_III
374,T,C,-0.1137,0.3416,-1.921,349,region_III
374,T,D,-0.0003189,-0.1108,-1.612,349,region_III
374,T,E,-0.2634,-0.2777,-2.806,349,region_III
374,T,F,-0.1264,-0.9744,-3.508,349,region_III
374,T,G,-0.03094,,-3.168,349,region_III
374,T,H,0.09056,-0.06479,-3.418,349,region_III
374,T,I,-0.008557,-0.06241,-3.206,349,region_III
374,T,K,,,-3.447,349,region_III
374,T,L,,-0.8359,-3.207,349,region_III
374,T,M,-0.3283,-0.2933,-3.326,349,region_III
374,T,N,0.2882,-0.9048,-3.152,349,region_III
374,T,P,0.009468,-0.5504,-3.258,349,region_III
374,T,R,-0.1265,-1.031,-3.453,349,region_III
374,T,S,0.007075,-0.007136,-1.993,349,region_III
374,T,T,0,0,0,349,region_III
374,T,V,-0.06606,-0.3753,-3.455,349,region_III
374,T,W,0.03971,,-3.152,349,region_III
374,T,Y,-0.1408,-0.5044,-2.957,349,region_III
375,L,A,-0.1644,-0.6434,-2.338,350,region_III
375,L,C,0.539,0.574,-3.144,350,region_III
375,L,D,-0.04492,-1.455,-3.12,350,region_III
375,L,F,0.1813,0.1822,-0.9738,350,region_III
375,L,G,-0.2791,,-3.402,350,region_III
375,L,H,-0.0664,-0.783,-3.419,350,region_III
375,L,I,-0.04498,-0.09251,-0.8091,350,region_III
375,L,K,,,-3.063,350,region_III
375,L,L,0,0,0,350,region_III
375,L,M,0.1081,0.05696,-0.3341,350,region_III
375,L,N,-0.2281,,-3.198,350,region_III
375,L,P,-0.1428,-1.228,-3.449,350,region_III
375,L,Q,-0.1382,0.4485,-2.968,350,region_III
375,L,R,-0.1442,-1.137,-3.454,350,region_III
375,L,S,0.6814,-0.9813,-3.19,350,region_III
375,L,T,-0.08439,-0.8585,-3.335,350,region_III
375,L,V,0.152,0.007291,-1.656,350,region_III
375,L,W,-0.01049,0.331,0.5316,350,region_III
375,L,Y,,,-3.247,350,region_III
376,P,A,-0.007145,0.06506,-0.05745,351,region_III
376,P,C,-0.1362,-0.2178,-2.619,351,region_III
376,P,D,-0.003006,0.1432,1.471,351,region_III
376,P,E,0.191,0.3867,1.216,351,region_III
376,P,F,0.845,,-3.245,351,region_III
376,P,G,0.1028,-0.2377,-1.119,351,region_III
376,P,H,-0.331,-0.1348,-2.932,351,region_III
376,P,I,0.09936,-0.01977,-1.855,351,region_III
376,P,K,-0.1349,-1.251,-2.663,351,region_III
376,P,L,-0.038,-0.0684,-2.204,351,region_III
376,P,M,0.1241,-0.2333,-1.125,351,region_III
376,P,N,-0.4069,-0.5679,-2.188,351,region_III
376,P,P,0,0,0,351,region_III
376,P,Q,-0.05326,0.0476,-0.08545,351,region_III
376,P,R,-0.1392,-0.3023,-2.247,351,region_III
376,P,S,0.2456,0.1965,-0.1769,351,region_III
376,P,T,0.05514,0.07794,-1.806,351,region_III
376,P,V,-0.005111,-0.1674,-0.4647,351,region_III
376,P,W,,,-3.163,351,region_III
376,P,Y,-0.2385,-0.3843,-3.224,351,region_III
377,S,A,-0.1004,-0.1595,0.2837,352,region_III
377,S,C,-0.0001172,0.1014,0.3795,352,region_III
377,S,D,-0.1563,0.005222,-0.08762,352,region_III
377,S,E,-0.3458,-0.06583,-0.6151,352,region_III
377,S,F,0.06937,0.1621,-1.104,352,region_III
377,S,G,0.04248,0.271,-0.7687,352,region_III
377,S,H,-0.01727,0.09033,-1.081,352,region_III
377,S,I,0.3505,0.2307,0.0164,352,region_III
377,S,K,0.9295,-0.1058,-1.931,352,region_III
377,S,L,0.1371,0.2315,-0.2933,352,region_III
377,S,M,0.1379,-0.1824,-0.5984,352,region_III
377,S,N,0.02377,-0.2909,-0.2608,352,region_III
377,S,P,0.07017,0.04789,-0.1821,352,region_III
377,S,Q,0.04619,0.1105,-0.7004,352,region_III
377,S,R,-0.02145,-0.3071,-1.821,352,region_III
377,S,S,0,0,0,352,region_III
377,S,T,-0.00127,,-0.2896,352,region_III
377,S,V,-0.02404,-0.01574,-0.3981,352,region_III
377,S,W,0.01859,0.1844,-0.8003,352,region_III
377,S,Y,-0.00906,0.04785,-1.261,352,region_III
378,E,A,0.273,0.02281,-1.648,353,region_III
378,E,C,-0.1755,-0.6769,-3.095,353,region_III
378,E,D,-0.2059,0.1908,0.00307,353,region_III
378,E,E,0,0,0,353,region_III
378,E,F,-0.5038,-0.5369,-3.122,353,region_III
378,E,G,0.07925,-0.3919,-3.042,353,region_III
378,E,H,,-0.2404,-3.126,353,region_III
378,E,I,-0.08528,-0.3355,-2.921,353,region_III
378,E,K,-0.06721,-1.256,-3.26,353,region_III
378,E,L,0.6106,-0.4625,-2.908,353,region_III
378,E,M,0.08464,-0.03325,-3.129,353,region_III
378,E,N,-0.2404,,-2.922,353,region_III
378,E,P,-0.1572,-0.8574,-3.256,353,region_III
378,E,Q,-0.05566,-0.6007,-2.385,353,region_III
378,E,R,-0.02556,-0.3904,-3.156,353,region_III
378,E,S,-0.04806,0.191,-3.029,353,region_III
378,E,T,-0.5654,-1.002,-2.7,353,region_III
378,E,V,0.2582,-0.5227,-2.318,353,region_III
378,E,W,0.01863,0.008827,-3,353,region_III
378,E,Y,-0.05734,-0.3756,-2.782,353,region_III
379,V,A,0.06152,-0.01585,-0.4029,354,region_I
379,V,C,-0.08996,0.084,-1.692,354,region_I
379,V,D,-0.1454,-0.01182,-3.409,354,region_I
379,V,E,-0.01741,-0.05131,-3.481,354,region_I
379,V,F,,-1.855,-3.38,354,region_I
379,V,G,0.2881,,-3.311,354,region_I
379,V,H,,,-2.518,354,region_I
379,V,I,-0.3981,-0.4628,-0.3146,354,region_I
379,V,K,0.1378,-0.5715,-2.811,354,region_I
379,V,L,-0.2829,-0.1781,-3.056,354,region_I
379,V,M,-0.1362,-1.068,-3.135,354,region_I
379,V,N,0.5674,,-3.359,354,region_I
379,V,P,0.1596,-0.01309,-3.17,354,region_I
379,V,Q,-0.2253,0.4526,-0.9806,354,region_I
379,V,R,0.02663,,-3.097,354,region_I
379,V,S,0.02221,0.2257,-1.302,354,region_I
379,V,T,,,-2.188,354,region_I
379,V,V,0,0,0,354,region_I
379,V,W,0.02069,-0.7532,-2.897,354,region_I
379,V,Y,-0.3514,,-3.325,354,region_I
380,N,A,0.1233,0.3502,0.02069,355,region_I
380,N,C,0.05159,-0.03179,0.173,355,region_I
380,N,D,-0.05794,0.08386,0.4364,355,region_I
380,N,E,-0.3843,-0.7985,0.08253,355,region_I
380,N,F,-0.3445,-0.189,-0.4915,355,region_I
380,N,G,0.008244,-0.1002,0.7133,355,region_I
380,N,H,-0.009735,-0.09084,-0.9649,355,region_I
380,N,I,-0.08475,-0.1409,-0.01145,355,region_I
380,N,K,0.1269,-0.03007,0.1779,355,region_I
380,N,L,,,-1.411,355,region_I
380,N,M,-0.2779,-0.05915,-0.3668,355,region_I
380,N,N,0,0,0,355,region_I
380,N,P,0.1505,,-1.885,355,region_I
380,N,Q,-0.1214,0.04216,0.253,355,region_I
380,N,R,0.06407,0.08299,-0.8829,355,region_I
380,N,S,-0.1551,-0.05988,0.1036,355,region_I
380,N,T,-0.09312,0.03474,1.123,355,region_I
380,N,V,-0.02202,0.09763,0.2056,355,region_I
380,N,W,0.004456,-0.09648,-0.5227,355,region_I
380,N,Y,0.03797,-0.3784,-0.6328,355,region_I
381,L,A,0.00619,-0.3777,-0.7901,356,region_I
381,L,C,-0.1181,-0.0228,-1.325,356,region_I
381,L,D,,-0.1532,0.09704,356,region_I
381,L,E,-0.07342,0.1269,1.337,356,region_I
381,L,F,-0.2238,-0.2615,-0.4764,356,region_I
381,L,G,0.00719,-0.1959,-2.893,356,region_I
381,L,H,-0.1135,-0.2274,-0.8701,356,region_I
381,L,K,-0.4173,-0.03078,-3.124,356,region_I
381,L,L,0,0,0,356,region_I
381,L,M,-0.6881,-0.2957,-0.8515,356,region_I
381,L,N,-0.2824,-0.4579,-1.055,356,region_I
381,L,P,-0.03895,-0.1485,-3.359,356,region_I
381,L,Q,-0.1752,-0.2015,-1.185,356,region_I
381,L,R,-0.118,-0.1928,-2.99,356,region_I
381,L,S,0.04447,0.03282,-0.2531,356,region_I
381,L,T,-0.1219,0.06039,-0.5963,356,region_I
381,L,V,0.0142,0.2092,-1.157,356,region_I
381,L,W,0.02237,-0.1714,-0.6186,356,region_I
381,L,Y,-0.1128,-0.1225,-0.4398,356,region_I
382,C,A,-0.02112,-0.2131,-3.43,357,region_I
382,C,C,0,0,0,357,region_I
382,C,D,,,-3.259,357,region_I
382,C,E,0.004543,-0.5369,-3.452,357,region_I
382,C,F,-0.1928,-0.5475,-3.441,357,region_I
382,C,G,-0.2366,-0.08025,-3.442,357,region_I
382,C,H,0.04428,0.1845,-2.906,357,region_I
382,C,I,0.04867,-0.3692,-3.489,357,region_I
382,C,K,-0.1088,,-3.009,357,region_I
382,C,L,-0.1464,-1.089,-3.436,357,region_I
382,C,M,,,-3.288,357,region_I
382,C,N,-0.1433,-0.3669,-3.133,357,region_I
382,C,P,0.01764,,-3.157,357,region_I
382,C,Q,0.2678,-1.057,-3.37,357,region_I
382,C,R,0.04393,0.01921,-3.391,357,region_I
382,C,S,-0.1592,0.3093,-3.306,357,region_I
382,C,T,,,-3.438,357,region_I
382,C,V,-0.7289,-0.6004,-3.374,357,region_I
382,C,W,,,-3.194,357,region_I
382,C,Y,-0.1305,-0.4552,-3.458,357,region_I
383,N,A,-0.3681,0.1406,-3.302,358,region_I
383,N,C,-0.6039,-1.391,-3.473,358,region_I
383,N,D,-0.01549,-0.1067,-3.442,358,region_I
383,N,E,1.244,-0.4441,-3.042,358,region_I
383,N,F,-0.05322,,-3.37,358,region_I
383,N,G,0.002274,-0.9145,-3.47,358,region_I
383,N,H,0.6784,-0.2588,-3.186,358,region_I
383,N,I,-0.1134,-0.4496,-3.3,358,region_I
383,N,K,0.4326,-0.6447,-3.006,358,region_I
383,N,L,2.072,-0.6779,-3.433,358,region_I
383,N,M,-0.2531,-0.6144,-3.31,358,region_I
383,N,N,0,0,0,358,region_I
383,N,P,-0.2433,-0.8353,-3.479,358,region_I
383,N,Q,,-0.3655,-2.619,358,region_I
383,N,R,0.1318,-0.06865,-3.257,358,region_I
383,N,S,-0.08452,-0.6968,-3.178,358,region_I
383,N,T,-0.3814,-0.08346,-3.076,358,region_I
383,N,V,0.2063,-0.1635,-3.484,358,region_I
383,N,W,0.2919,-0.5728,-3.2,358,region_I
383,N,Y,,,-3.132,358,region_I
384,V,A,0.0147,0.1625,-0.2853,359,region_I
384,V,C,0.05711,-0.2168,-0.855,359,region_I
384,V,D,0.1106,0.004615,0.01591,359,region_I
384,V,E,0.04738,0.1739,0.7976,359,region_I
384,V,F,-0.07768,-0.1099,-0.4267,359,region_I
384,V,G,-0.1735,-0.3004,-0.6141,359,region_I
384,V,H,0.0529,-0.307,-1.33,359,region_I
384,V,I,0.217,-0.03373,-0.2925,359,region_I
384,V,K,-0.3037,-0.2081,-1.496,359,region_I
384,V,L,0.009193,0.191,0.1623,359,region_I
384,V,M,-0.228,0.5282,-0.7254,359,region_I
384,V,N,,,-1.411,359,region_I
384,V,P,0.7334,0.08099,-1.469,359,region_I
384,V,Q,-0.01005,0.09701,0.3248,359,region_I
384,V,R,0.2021,-0.3303,-0.8013,359,region_I
384,V,S,-0.04632,-0.4373,-0.1775,359,region_I
384,V,T,0.06193,0.05857,-0.9105,359,region_I
384,V,V,0,0,0,359,region_I
384,V,W,-0.002892,-0.2019,-0.4313,359,region_I
384,V,Y,0.1932,-0.0663,-0.3113,359,region_I
385,D,A,0.1139,,-2.077,360,region_I
385,D,C,-0.01942,0.09957,-3.383,360,region_I
385,D,D,0,0,0,360,region_I
385,D,E,0.01358,-0.06655,-0.9887,360,region_I
385,D,F,0.06798,-0.6416,-2.925,360,region_I
385,D,G,,,-3.413,360,region_I
385,D,I,0.08759,0.003924,-3.281,360,region_I
385,D,K,-0.06386,0.1341,-2.545,360,region_I
385,D,L,0.5059,-0.3706,-3.372,360,region_I
385,D,M,-0.1264,-0.7448,-2.925,360,region_I
385,D,N,0.03604,-0.1081,-1.224,360,region_I
385,D,P,-0.2335,,-3.356,360,region_I
385,D,Q,0.348,-0.134,-2,360,region_I
385,D,R,0.3612,-0.7405,-2.704,360,region_I
385,D,S,-0.312,-0.004656,-3.192,360,region_I
385,D,T,0.1613,-0.8466,-3.374,360,region_I
385,D,V,-0.01461,,-3.274,360,region_I
385,D,W,,,-1.964,360,region_I
385,D,Y,-0.082,-0.4894,-2.769,360,region_I
386,I,A,-0.2461,-0.3652,-3.182,361,region_I
386,I,C,-0.1998,-0.0692,-3.338,361,region_I
386,I,D,-0.2543,-0.5973,-3.289,361,region_I
386,I,E,-0.1143,-0.5201,-3.329,361,region_I
386,I,F,,,-3.265,361,region_I
386,I,G,0.4114,-0.4666,-3.321,361,region_I
386,I,H,0.003504,-0.7766,-3.297,361,region_I
386,I,I,0,0,0,361,region_I
386,I,K,0.2853,-0.1155,-3.151,361,region_I
386,I,L,-0.1376,-0.3548,-1.523,361,region_I
386,I,M,0.3321,0.2337,-0.9192,361,region_I
386,I,N,-0.07505,0.2316,-3.173,361,region_I
386,I,P,-0.07168,-1.255,-3.325,361,region_I
386,I,Q,-0.06234,,-2.824,361,region_I
386,I,R,,-0.6652,-3.385,361,region_I
386,I,S,,-0.978,-3.397,361,region_I
386,I,T,,-1.21,-3.199,361,region_I
386,I,V,0.005121,-0.8115,-2.31,361,region_I
386,I,W,-0.2842,-0.2871,-3.513,361,region_I
386,I,Y,,-0.6622,-3.227,361,region_I
387,F,A,-0.3278,-0.06572,-1.673,362,region_I
387,F,C,-0.1612,-0.2883,-3.333,362,region_I
387,F,D,0.3125,-0.847,-2.838,362,region_I
387,F,E,-0.1812,-0.3394,-1.248,362,region_I
387,F,F,0,0,0,362,region_I
387,F,G,-0.03588,-0.121,-2.366,362,region_I
387,F,H,-0.2197,0.01119,-1.468,362,region_I
387,F,I,-0.1107,0.07928,-2.689,362,region_I
387,F,K,0.07407,-0.03383,-2.356,362,region_I
387,F,L,-0.09955,-0.349,-2.183,362,region_I
387,F,M,-0.3968,-0.1294,-1.578,362,region_I
387,F,N,0.141,-0.5619,-1.325,362,region_I
387,F,P,0.02429,-0.3898,-3.413,362,region_I
387,F,Q,-0.2308,-0.7581,-1.59,362,region_I
387,F,R,0.5248,-0.2071,-2.647,362,region_I
387,F,S,-0.4464,-0.7703,-2.24,362,region_I
387,F,T,-0.01585,-0.4223,-2.636,362,region_I
387,F,V,0.0573,-0.08111,-1.982,362,region_I
387,F,W,-0.2705,0.08817,-0.8353,362,region_I
387,F,Y,,,-1.756,362,region_I
388,N,C,0.1249,-0.375,-3.46,363,region_I
388,N,D,0.02327,-0.06201,-0.6908,363,region_I
388,N,E,0.1292,,-2.95,363,region_I
388,N,F,0.01485,-0.5383,-3.442,363,region_I
388,N,G,0.1408,0.03471,-1.32,363,region_I
388,N,H,-0.1151,-1.139,-1.571,363,region_I
388,N,I,0.03691,-0.7993,-3.059,363,region_I
388,N,K,-0.002198,-0.6276,-3.313,363,region_I
388,N,L,0.08716,-1.625,-3.268,363,region_I
388,N,M,-0.08506,-0.9726,-3.396,363,region_I
388,N,N,0,0,0,363,region_I
388,N,P,0.2795,0.3222,-3.16,363,region_I
388,N,Q,0.169,-0.3067,-1.427,363,region_I
388,N,R,-0.2232,-1.928,-3.413,363,region_I
388,N,S,-0.1486,-0.121,-1.57,363,region_I
388,N,T,0.03134,-0.09873,-1.037,363,region_I
388,N,V,0.6717,-0.2476,-2.864,363,region_I
388,N,W,0.02837,,-3.331,363,region_I
388,N,Y,-0.0973,-0.2144,-3.204,363,region_I
389,P,A,0.06743,-0.3229,-1.636,364,region_I
389,P,C,-0.04843,0.03076,-2.558,364,region_I
389,P,D,-0.107,-0.2863,-0.2278,364,region_I
389,P,E,0.3658,-0.009912,0.02815,364,region_I
389,P,F,0.07977,0.9879,-0.8491,364,region_I
389,P,G,-0.2107,0.09439,-0.4587,364,region_I
389,P,H,-0.07937,-0.01816,-1.208,364,region_I
389,P,I,0.07955,0.05355,0.3455,364,region_I
389,P,K,0.2812,-0.08539,-1.998,364,region_I
389,P,L,0.1709,0.2232,-0.5756,364,region_I
389,P,M,0.04436,0.1725,-0.5675,364,region_I
389,P,N,0.08224,-0.0139,-0.997,364,region_I
389,P,P,0,0,0,364,region_I
389,P,Q,0.1357,0.04115,-0.2445,364,region_I
389,P,R,-0.2094,-0.9796,-1.279,364,region_I
389,P,S,-0.1892,0.03096,-1.042,364,region_I
389,P,T,0.04402,-0.05891,-0.3841,364,region_I
389,P,V,-0.05678,0.01832,-0.5142,364,region_I
389,P,W,0.3268,-0.768,-0.6833,364,region_I
389,P,Y,0.3597,0.1914,-0.4491,364,region_I
390,K,A,-0.01973,0.1553,0.3307,365,region_I
390,K,C,-0.1228,-0.04709,-2.578,365,region_I
390,K,D,-0.002336,0.25,0.7678,365,region_I
390,K,E,0.1533,0.09401,1.432,365,region_I
390,K,F,-0.07425,0.2647,-0.3164,365,region_I
390,K,G,0.07586,0.2118,-0.496,365,region_I
390,K,H,-0.03241,-0.1476,0.05785,365,region_I
390,K,I,0.1873,-0.3091,-0.9906,365,region_I
390,K,K,0,0,0,365,region_I
390,K,L,-0.003709,0.2556,0.5536,365,region_I
390,K,M,0.01424,0.2017,0.6798,365,region_I
390,K,N,-0.03239,0.2647,0.4324,365,region_I
390,K,P,-0.05078,0.2386,-3.325,365,region_I
390,K,Q,-0.3389,-0.1101,0.2995,365,region_I
390,K,R,0.2023,0.2662,0.447,365,region_I
390,K,S,0.04485,0.1324,0.4421,365,region_I
390,K,T,0.1031,-0.1405,-0.08402,365,region_I
390,K,V,0.07276,0.1637,0.2181,365,region_I
390,K,W,0.06597,0.1586,0.6721,365,region_I
390,K,Y,0.02874,0.1279,-0.4346,365,region_I
391,Y,A,-0.1639,0.305,-2.921,366,none
391,Y,C,-0.167,-0.8528,-3.409,366,none
391,Y,D,-0.3684,-0.07546,-3.423,366,none
391,Y,E,0.07416,-0.2134,-3.189,366,none
391,Y,F,-0.05763,0.09566,-0.4052,366,none
391,Y,H,0.0219,-0.0814,-1.581,366,none
391,Y,I,-0.2178,-0.4482,-2.943,366,none
391,Y,K,-0.1414,-0.6337,-3.372,366,none
391,Y,M,-0.6065,-0.2997,-3.216,366,none
391,Y,N,-0.03809,0.1316,-3.194,366,none
391,Y,P,0.04854,-1.279,-3.346,366,none
391,Y,Q,0.206,-0.3908,-3.247,366,none
391,Y,R,-0.4931,-0.5096,-3.505,366,none
391,Y,S,-0.3776,-0.8669,-2.53,366,none
391,Y,T,-0.2709,-0.3768,-3.149,366,none
391,Y,V,-0.1075,-0.3294,-3.217,366,none
391,Y,W,0.3428,-0.9469,-1.561,366,none
391,Y,Y,0,0,0,366,none
392,D,A,-0.2134,,-3.139,367,none
392,D,C,-0.2486,,-3.241,367,none
392,D,D,0,0,0,367,none
392,D,E,0.225,,-3.288,367,none
392,D,F,-0.3185,-0.05637,-3.341,367,none
392,D,G,0.01905,0.04111,-3.052,367,none
392,D,H,0.02822,-1.168,-3.145,367,none
392,D,I,,0.1558,-3.314,367,none
392,D,K,,,-3.086,367,none
392,D,L,-0.0547,-1.261,-3.369,367,none
392,D,M,-0.491,-0.1657,-2.924,367,none
392,D,N,-0.3981,-0.1638,-1.519,367,none
392,D,P,-0.02134,0.1764,-3.268,367,none
392,D,Q,,-0.9423,-3.307,367,none
392,D,R,-0.163,-0.479,-3.226,367,none
392,D,S,-0.1692,,-3.176,367,none
392,D,T,0.147,-0.04414,-3.023,367,none
392,D,V,,-0.1946,-3.188,367,none
392,D,W,-0.1254,,-3.357,367,none
392,D,Y,0.2061,-0.277,-3.296,367,none
393,C,A,,-1.883,-3.449,368,none
393,C,C,0,0,0,368,none
393,C,D,-0.133,0.07078,-3.346,368,none
393,C,E,-0.02396,-0.7274,-3.228,368,none
393,C,F,0.5833,-0.7322,-3.318,368,none
393,C,G,-0.09418,0.02238,-3.37,368,none
393,C,H,-0.02421,,-3.41,368,none
393,C,I,0.4705,,-3.174,368,none
393,C,K,-0.3461,-0.7681,-3.396,368,none
393,C,L,,,-2.877,368,none
393,C,M,,-1.155,-3.409,368,none
393,C,N,0.1726,0.6603,-3.175,368,none
393,C,P,0.06217,-0.1029,-3.322,368,none
393,C,Q,-0.02819,-0.2873,-3.377,368,none
393,C,R,-0.02573,-0.8928,-3.113,368,none
393,C,S,-0.366,0.06658,-3.408,368,none
393,C,T,-0.1107,-0.8024,-3.488,368,none
393,C,V,,,-3.204,368,none
393,C,W,-0.08217,-0.01733,-3.096,368,none
393,C,Y,-0.6388,-0.5303,-3.522,368,none
394,K,A,,-0.7064,-3.383,369,none
394,K,C,-0.1839,-0.3548,-3.439,369,none
394,K,D,,-1.114,-3.266,369,none
394,K,E,-0.0332,-0.05966,-3.518,369,none
394,K,F,,,-3.194,369,none
394,K,G,-0.234,-0.2613,-3.423,369,none
394,K,H,-0.0988,0.06568,-2.872,369,none
394,K,I,0.03178,,-3.266,369,none
394,K,K,0,0,0,369,none
394,K,L,0.9887,-0.08117,-3.435,369,none
394,K,M,-0.03975,-0.08876,-1.26,369,none
394,K,N,-0.3215,-0.5963,-3.26,369,none
394,K,P,0.01262,,-3.344,369,none
394,K,Q,-0.2509,,-3.329,369,none
394,K,R,0.2542,-0.4862,-2.769,369,none
394,K,S,,-0.9652,-3.458,369,none
394,K,T,0.1467,-0.2338,-3.468,369,none
394,K,V,,,-3.461,369,none
394,K,W,0.06874,-0.1245,-2.664,369,none
394,K,Y,0.2722,-0.2022,-3.345,369,none
395,I,A,-0.01287,0.09784,-3.412,370,none
395,I,C,0.01047,,-3.141,370,none
395,I,D,0.1978,-0.18,-3.082,370,none
395,I,E,0.3097,0.2669,-3.514,370,none
395,I,F,0.2796,-0.4112,-3.288,370,none
395,I,G,,,-2.429,370,none
395,I,H,-0.149,-0.126,-3.186,370,none
395,I,I,0,0,0,370,none
395,I,K,0.05698,-0.1189,-3.244,370,none
395,I,L,0.6814,,-1.997,370,none
395,I,M,0.03024,0.002778,-2.909,370,none
395,I,N,0.1424,-0.802,-3.454,370,none
395,I,P,-0.1313,0.2593,-3.179,370,none
395,I,Q,0.1489,-0.3077,-3.239,370,none
395,I,R,-0.1652,-0.3182,-3.342,370,none
395,I,S,-0.178,-0.3214,-3.284,370,none
395,I,T,-0.2862,-0.6498,-3.095,370,none
395,I,V,-0.2718,0.09805,-0.8095,370,none
395,I,W,-0.1096,-0.6149,-3.422,370,none
395,I,Y,,,-3.43,370,none
396,M,C,,,-3.132,371,none
396,M,D,-0.1445,-0.4024,-3.51,371,none
396,M,E,-0.04851,-0.9595,-3.372,371,none
396,M,F,0.1206,-0.1726,-2.828,371,none
396,M,G,-0.3242,-0.3123,-2.026,371,none
396,M,H,-0.254,,-3.033,371,none
396,M,I,-0.002242,-0.8407,-3.509,371,none
396,M,K,0.3184,0.3893,-2.074,371,none
396,M,L,0.1648,0.02212,-1.784,371,none
396,M,M,0,0,0,371,none
396,M,N,-0.2706,,-3.316,371,none
396,M,P,-0.1171,-0.4125,-3.386,371,none
396,M,Q,-0.06364,-0.8662,-2.273,371,none
396,M,R,-0.008183,,-3.25,371,none
396,M,S,0.04698,-0.08062,-2.911,371,none
396,M,T,-0.01108,,-3.436,371,none
396,M,V,-0.1262,0.6576,-3.426,371,none
396,M,W,-0.0794,-0.2974,-3.01,371,none
396,M,Y,-0.02329,-0.5198,-2.571,371,none
397,T,A,0.1184,-0.7059,-3.448,372,none
397,T,C,,,-3.242,372,none
397,T,D,0.17,-0.3242,-3.397,372,none
397,T,E,0.1292,,-3.413,372,none
397,T,F,-0.7348,,-3.449,372,none
397,T,G,,,-3.296,372,none
397,T,H,,,-3.386,372,none
397,T,I,-0.4335,-1.399,-3.447,372,none
397,T,K,1.037,,-3.24,372,none
397,T,L,0.4778,-1.177,-3.364,372,none
397,T,M,,,-3.33,372,none
397,T,N,-0.5658,-0.07153,-3.407,372,none
397,T,P,0.1305,-0.02491,-0.4365,372,none
397,T,Q,,,-3.406,372,none
397,T,R,,,-3.188,372,none
397,T,S,-0.2665,-0.5792,-3.127,372,none
397,T,T,0,0,0,372,none
397,T,V,0.2092,,-3.319,372,none
397,T,W,-0.5332,-0.6245,-3.462,372,none
397,T,Y,,,-3.45,372,none
398,S,A,-0.1384,0.08683,-2.633,373,none
398,S,C,0.01967,-0.2246,-3.111,373,none
398,S,D,-0.137,-0.0875,-3.171,373,none
398,S,E,-0.0499,-0.6757,-3.343,373,none
398,S,F,-0.404,-0.1291,-3.004,373,none
398,S,G,-0.06124,-0.6349,-0.4197,373,none
398,S,H,-0.02935,-0.1291,-1.771,373,none
398,S,I,-0.1888,,-3.144,373,none
398,S,K,0.6148,0.3748,-3.007,373,none
398,S,L,0.3153,-0.6789,-3.368,373,none
398,S,M,-0.008596,-0.2983,-2.127,373,none
398,S,N,,,-3.481,373,none
398,S,P,-0.4802,,-3.455,373,none
398,S,Q,0.07875,-0.9979,-3.107,373,none
398,S,R,0.1637,-1.008,-3.373,373,none
398,S,S,0,0,0,373,none
398,S,T,0.103,-0.0156,-0.6874,373,none
398,S,V,0.3691,,-3.18,373,none
398,S,W,-0.2016,-0.3943,-3.212,373,none
398,S,Y,-0.0931,-0.7911,-2.434,373,none
399,K,A,,,-0.9931,374,none
399,K,C,0.3451,-0.1715,-3.4,374,none
399,K,D,-0.1721,-0.1383,-3.442,374,none
399,K,E,-0.4384,-0.9504,-3.401,374,none
399,K,F,0.2804,-0.9283,-3.467,374,none
399,K,G,0.02526,-0.9318,-3.064,374,none
399,K,H,0.01394,0.002398,-3.07,374,none
399,K,I,-0.3327,-0.3544,-1.727,374,none
399,K,K,0,0,0,374,none
399,K,L,0.09209,0.03119,-3.232,374,none
399,K,M,0.154,-0.1293,-2.449,374,none
399,K,N,-0.3337,-0.5328,-2.945,374,none
399,K,P,,-0.5888,-3.468,374,none
399,K,Q,0.1187,0.05623,-1.495,374,none
399,K,R,0.2251,-0.6369,-1.38,374,none
399,K,S,0.5074,-0.5791,-3.444,374,none
399,K,T,,,-3.045,374,none
399,K,V,-0.05041,-0.3052,-2.984,374,none
399,K,W,,-0.5036,-3.48,374,none
399,K,Y,0.7419,,-3.484,374,none
400,T,A,-0.1573,-0.03194,-2.093,375,none
400,T,C,,,-3.222,375,none
400,T,D,0.1954,-0.7647,-3.336,375,none
400,T,E,-0.02742,,-3.261,375,none
400,T,F,0.1436,-1.162,-3.148,375,none
400,T,G,0.2268,-1.002,-3.457,375,none
400,T,H,0.3993,,-3.119,375,none
400,T,I,-0.64,-1.569,-3.375,375,none
400,T,K,-0.2051,0.4473,-3.438,375,none
400,T,L,0.07564,-0.6593,-3.427,375,none
400,T,M,-0.05045,-0.5424,-2.574,375,none
400,T,N,0.4963,-0.5141,-3.34,375,none
400,T,P,0.4641,,-3.393,375,none
400,T,Q,,,-3.258,375,none
400,T,R,,,-3.461,375,none
400,T,S,0.09635,0.08563,-1.018,375,none
400,T,T,0,0,0,375,none
400,T,V,0.3495,-0.4,-3.274,375,none
400,T,W,0.9656,-0.2469,-3.3,375,none
400,T,Y,-0.09436,-1.067,-2.27,375,none
401,D,A,-0.0976,-0.3325,-2.115,376,none
401,D,C,0.02532,-0.1999,-1.601,376,none
401,D,D,0,0,0,376,none
401,D,E,,-0.572,-3.11,376,none
401,D,G,-0.02663,-0.504,-1.956,376,none
401,D,H,,,-3.417,376,none
401,D,I,-0.1895,0.1828,-2.377,376,none
401,D,K,0.3362,-0.2642,-2.143,376,none
401,D,L,-0.09988,,-3.286,376,none
401,D,M,0.1504,-0.3476,-2.186,376,none
401,D,N,0.1813,0.6594,-3.416,376,none
401,D,P,-0.2474,-0.6465,-3.424,376,none
401,D,Q,-0.09051,-1.045,-2.574,376,none
401,D,R,-0.4394,-0.5786,-2.168,376,none
401,D,S,-0.2421,-0.304,-2.13,376,none
401,D,T,0.02724,-0.6157,-2.899,376,none
401,D,V,0.1586,-0.1998,-2.46,376,none
401,D,W,0.03015,0.07947,-3.337,376,none
401,D,Y,-0.06595,-0.91,-2.074,376,none
402,V,A,-0.116,-0.6872,-3.191,377,none
402,V,C,-0.343,-0.3802,-3.421,377,none
402,V,D,-0.03487,-0.349,-3.454,377,none
402,V,E,0.02133,-0.2386,-3.479,377,none
402,V,F,-0.09675,-0.6543,-1.171,377,none
402,V,G,-0.02797,-0.6316,-3.398,377,none
402,V,H,-0.02764,-0.477,-3.33,377,none
402,V,I,-0.2057,-0.04753,0.7661,377,none
402,V,K,-0.05512,-0.205,-3.444,377,none
402,V,L,-0.1129,-0.009382,-0.441,377,none
402,V,M,-0.1851,-0.2447,-0.9519,377,none
402,V,N,,-0.9744,-3.478,377,none
402,V,P,,,-3.402,377,none
402,V,Q,0.09647,-0.5872,-3.33,377,none
402,V,R,,,-3.522,377,none
402,V,S,0.9826,0.1479,-3.358,377,none
402,V,T,-0.07183,-0.8161,-3.289,377,none
402,V,V,0,0,0,377,none
402,V,W,0.3559,0.2088,-1.76,377,none
402,V,Y,0.1389,0.7999,-0.1913,377,none
403,S,A,0.1617,0.1571,-1.037,378,none
403,S,C,0.0354,-0.4373,-3.344,378,none
403,S,D,-0.03313,-0.1071,-3.356,378,none
403,S,E,-0.1026,-0.5618,-3.45,378,none
403,S,F,0.2055,-0.83,-3.405,378,none
403,S,G,-0.2653,0.328,-1.895,378,none
403,S,H,0.02887,,-3.457,378,none
403,S,I,,,-2.397,378,none
403,S,K,0.5347,-0.1046,-3.476,378,none
403,S,L,0.1086,-0.5906,-3.213,378,none
403,S,M,-0.2044,-0.4693,-3.183,378,none
403,S,N,0.002594,,-3.353,378,none
403,S,P,,-1.735,-2.976,378,none
403,S,Q,0.009062,-0.2371,-3.417,378,none
403,S,R,0.2533,-0.2467,-3.401,378,none
403,S,S,0,0,0,378,none
403,S,T,0.02145,-0.136,-0.5942,378,none
403,S,V,,,-3.436,378,none
403,S,W,0.1933,-0.715,-3.433,378,none
403,S,Y,0.06023,0.035,-3.491,378,none
404,S,A,-0.3086,-0.3216,-1.583,379,none
404,S,C,-0.182,-0.1617,-3.147,379,none
404,S,D,0.3029,,-3.463,379,none
404,S,E,,,-3.397,379,none
404,S,F,-0.08286,-0.4381,-2.917,379,none
404,S,G,-0.2498,-1.066,-3.183,379,none
404,S,H,-0.1447,-1.968,-3.372,379,none
404,S,I,-0.005767,-0.4155,-2.222,379,none
404,S,K,-0.08075,-0.1739,-2.212,379,none
404,S,L,-0.1295,-0.009825,-2.75,379,none
404,S,M,,-0.7025,-3.008,379,none
404,S,N,0.1555,-0.9993,-3.446,379,none
404,S,P,-0.1062,-0.6347,-3.415,379,none
404,S,Q,-0.01085,-0.3968,-3.377,379,none
404,S,R,-0.2217,-0.1831,-1.004,379,none
404,S,S,0,0,0,379,none
404,S,T,-0.02557,,-2.97,379,none
404,S,V,,,-2.26,379,none
404,S,W,-0.0641,-0.3165,-2.922,379,none
404,S,Y,-0.2167,,-3.08,379,none
405,S,A,0.1525,-0.0602,-0.1392,380,none
405,S,C,-0.00812,-0.6383,-0.8506,380,none
405,S,D,,,-3.341,380,none
405,S,E,0.5145,-0.508,-3.392,380,none
405,S,F,,,-3.365,380,none
405,S,G,-0.09072,-0.548,-2.686,380,none
405,S,H,0.001257,-0.8247,-3.28,380,none
405,S,I,-0.04455,0.1306,-1.425,380,none
405,S,K,-0.1674,0.4697,-3.387,380,none
405,S,L,0.296,0.2318,-3.141,380,none
405,S,M,1.671,0.7252,-2.638,380,none
405,S,N,0.1804,-0.9241,-2.912,380,none
405,S,P,0.171,-0.2365,-2.189,380,none
405,S,Q,0.7721,0.08336,-3.351,380,none
405,S,R,0.1794,,-3.37,380,none
405,S,S,0,0,0,380,none
405,S,T,-0.06286,-0.5715,-1.09,380,none
405,S,V,-0.122,-0.1462,-1.82,380,none
405,S,W,0.2832,0.9845,-2.135,380,none
405,S,Y,,,-3.463,380,none
406,V,A,-0.006323,-0.6369,-1.377,381,none
406,V,C,0.2039,-0.2373,-0.8294,381,none
406,V,D,-0.6787,-0.49,-3.38,381,none
406,V,E,-0.1993,-0.6324,-3.489,381,none
406,V,F,-0.1141,0.05526,-1.611,381,none
406,V,G,-0.1749,-0.4322,-3.054,381,none
406,V,H,0.1355,0.08807,-0.9244,381,none
406,V,I,0.01965,-0.03328,0.2708,381,none
406,V,K,,,-3.189,381,none
406,V,L,0.0753,-0.9566,-3.428,381,none
406,V,M,-0.4009,0.07779,-0.5189,381,none
406,V,N,0.03373,,-2.97,381,none
406,V,P,-0.1566,0.4381,-3.341,381,none
406,V,Q,-0.3641,-0.1939,-0.5251,381,none
406,V,R,-0.3622,-0.2176,-3.034,381,none
406,V,S,-0.1295,-0.01514,0.1969,381,none
406,V,T,-0.3215,-1.02,-2.665,381,none
406,V,V,0,0,0,381,none
406,V,W,0.09904,0.03462,-3.276,381,none
406,V,Y,-0.125,-0.02702,-0.9823,381,none
407,I,A,0.08228,-0.8551,-3.136,382,none
407,I,C,0.1726,0.3803,-3.419,382,none
407,I,D,0.02393,-0.1716,-3.226,382,none
407,I,E,-0.8033,,-3.38,382,none
407,I,F,-0.1237,-1.594,-3.442,382,none
407,I,G,-0.02434,0.1073,-3.356,382,none
407,I,H,-0.2589,-0.7734,-3.254,382,none
407,I,I,0,0,0,382,none
407,I,K,-0.2387,-1.012,-3.418,382,none
407,I,L,0.008224,0.04424,-3.245,382,none
407,I,M,0.1362,-0.3694,-1.334,382,none
407,I,N,0.03364,-0.4772,-3.391,382,none
407,I,P,,,-3.288,382,none
407,I,Q,0.004864,,-3.247,382,none
407,I,R,0.009033,-0.8153,-3.433,382,none
407,I,S,-0.1511,-0.6415,-2.43,382,none
407,I,T,-0.3628,-0.2514,-2.28,382,none
407,I,V,-0.09462,0.1998,-1.615,382,none
407,I,W,0.3237,-0.581,-3.03,382,none
408,T,A,-0.5435,0.1773,-3.321,383,none
408,T,C,-0.04663,-0.5795,-3.295,383,none
408,T,D,0.2154,,-3.167,383,none
408,T,E,0.3829,-0.4391,-3.085,383,none
408,T,F,-0.1633,-0.1574,-3.355,383,none
408,T,G,0.3818,-0.2286,-2.998,383,none
408,T,H,-0.3745,0.3447,-3.393,383,none
408,T,I,-0.05284,-0.4079,-3.37,383,none
408,T,K,0.02759,-0.669,-2.981,383,none
408,T,L,,,-3.184,383,none
408,T,M,0.2472,-0.3511,-3.135,383,none
408,T,N,-0.08486,0.07078,-3.357,383,none
408,T,P,0.01681,-0.5396,-3.084,383,none
408,T,Q,-0.1148,-0.531,-3.16,383,none
408,T,R,-0.07372,0.4555,-3.324,383,none
408,T,S,-0.06599,-0.6339,-1.871,383,none
408,T,T,0,0,0,383,none
408,T,V,-0.2223,-0.6916,-3.443,383,none
408,T,W,0.06968,-0.9098,-3.264,383,none
408,T,Y,-0.08622,-1.27,-3.3,383,none
409,S,A,0.1821,0.04131,0.102,384,none
409,S,C,-0.07294,-0.05336,-0.4355,384,none
409,S,D,0.007637,0.1978,-0.7597,384,none
409,S,E,-0.2081,-0.4625,-1.028,384,none
409,S,F,-0.2352,-0.1418,-0.6734,384,none
409,S,G,-0.2132,-0.1611,-0.8349,384,none
409,S,H,-0.1738,-0.04739,-1.435,384,none
409,S,I,-0.1199,0.005608,-0.1282,384,none
409,S,K,0.03431,-0.1249,-0.4379,384,none
409,S,L,-0.06235,-0.2977,-1.567,384,none
409,S,M,-0.01729,0.05837,-0.1954,384,none
409,S,N,-0.1352,-0.1479,-0.6436,384,none
409,S,P,0.1191,0.3187,-1.888,384,none
409,S,R,0.001012,-0.6246,-1.429,384,none
409,S,S,0,0,0,384,none
409,S,T,-0.1247,-0.04306,-1.267,384,none
409,S,V,-0.1068,-0.03508,-0.2752,384,none
409,S,W,-0.1161,0.5154,-2.116,384,none
409,S,Y,-0.06125,0.09808,-1.326,384,none
410,L,A,0.3385,-0.123,-3.13,385,none
410,L,C,-0.29,0.07286,-2.712,385,none
410,L,D,-0.1695,0.001749,-3.184,385,none
410,L,E,0.07773,-0.5659,-3.251,385,none
410,L,F,-0.2276,-1.408,-3.268,385,none
410,L,G,-0.2374,-1.095,-3.221,385,none
410,L,H,0.2609,-0.2915,-3.128,385,none
410,L,I,0.06822,0.1853,-0.7216,385,none
410,L,L,0,0,0,385,none
410,L,M,0.3692,0.2678,-0.2699,385,none
410,L,N,0.1697,0.1182,-2.48,385,none
410,L,P,0.3809,-0.04014,-3.243,385,none
410,L,Q,0.2854,-0.4589,-2.896,385,none
410,L,R,-0.04174,-0.2715,-3.307,385,none
410,L,S,-0.2766,0.257,-3.383,385,none
410,L,T,0.06925,-0.7248,-3.2,385,none
410,L,V,0.4244,0.3024,-0.665,385,none
410,L,W,0.06972,-0.09413,-3.372,385,none
410,L,Y,-0.02877,-0.4528,-3.134,385,none
411,G,A,0.4283,0.2799,-3.184,386,none
411,G,C,-0.1691,0.09092,-3.076,386,none
411,G,D,0.004801,-0.01049,-3.074,386,none
411,G,E,-0.5277,0.2175,-3.329,386,none
411,G,F,-0.112,-0.4537,-3.45,386,none
411,G,G,0,0,0,386,none
411,G,H,0.1456,-0.4934,-3.166,386,none
411,G,I,0.1504,-0.1052,-3.369,386,none
411,G,K,,,-3.141,386,none
411,G,L,0.4404,,-3.373,386,none
411,G,M,,,-3.14,386,none
411,G,N,0.3134,,-3.386,386,none
411,G,P,-0.2799,-0.8394,-3.306,386,none
411,G,Q,,-0.02481,-3.167,386,none
411,G,R,-0.1928,-0.08005,-3.269,386,none
411,G,S,0.005727,,-3.216,386,none
411,G,T,-0.4324,-1.716,-3.141,386,none
411,G,V,0.06603,-0.08598,-3.462,386,none
411,G,W,,,-3.197,386,none
411,G,Y,0.7706,-0.2436,-3.332,386,none
412,A,A,0,0,0,387,none
412,A,C,-0.2163,-0.6764,-2.415,387,none
412,A,D,0.1161,-0.355,-3.399,387,none
412,A,E,0.03115,-0.4643,-3.308,387,none
412,A,F,-0.1891,-1.131,-3.397,387,none
412,A,G,0.6246,-0.06949,-3.004,387,none
412,A,H,,,-3.092,387,none
412,A,I,0.05202,,-3.405,387,none
412,A,K,-0.0699,,-3.192,387,none
412,A,L,-0.3419,0.8014,-3.272,387,none
412,A,M,0.06062,0.5267,-3.354,387,none
412,A,N,-0.06207,-0.207,-3.388,387,none
412,A,P,-0.1895,0.1118,-3.433,387,none
412,A,Q,0.247,-0.1494,-3.22,387,none
412,A,R,0.046,-0.7854,-3.36,387,none
412,A,S,-0.2989,-0.5396,-2.009,387,none
412,A,T,-0.1985,-0.3159,-3.309,387,none
412,A,V,-0.2245,-0.6359,-2.702,387,none
412,A,W,-0.4668,-0.473,-3.408,387,none
412,A,Y,0.01773,,-3.294,387,none
413,I,A,0.5223,0.08808,-3.385,388,none
413,I,C,-0.0766,-0.02542,-3.301,388,none
413,I,D,0.002441,-0.8039,-3.244,388,none
413,I,E,-0.2443,,-3.168,388,none
413,I,F,-0.3702,-0.2247,-3.478,388,none
413,I,G,-0.233,,-2.744,388,none
413,I,H,-0.1475,0.1457,-3.094,388,none
413,I,I,0,0,0,388,none
413,I,K,0.06006,-0.1076,-3.169,388,none
413,I,L,-0.3166,-0.8509,-0.896,388,none
413,I,M,-0.0344,0.05597,0.105,388,none
413,I,N,0.08232,-0.959,-3.346,388,none
413,I,P,-0.01578,-0.7519,-3.228,388,none
413,I,Q,,,-2.95,388,none
413,I,R,0.1696,-0.2209,-3.33,388,none
413,I,S,-0.09281,,-3.159,388,none
413,I,T,0.3266,-0.01726,-3.054,388,none
413,I,V,0.1622,0.09195,-0.282,388,none
413,I,W,,-0.3583,-3.218,388,none
413,I,Y,-0.2415,0.1024,-3.414,388,none
414,V,A,-0.3696,-0.0363,-3.389,389,none
414,V,C,-0.3223,-0.1871,-3.37,389,none
414,V,D,,,-3.152,389,none
414,V,E,-0.008052,-0.3449,-3.147,389,none
414,V,F,-0.06111,0.1118,-3.197,389,none
414,V,G,,,-3.2,389,none
414,V,H,-0.04914,-0.3933,-3.219,389,none
414,V,I,-0.03448,-0.3483,0.06862,389,none
414,V,K,-0.169,-0.2765,-3.084,389,none
414,V,L,-0.1371,-0.1025,-1.911,389,none
414,V,M,-0.1082,0.02733,0.324,389,none
414,V,N,-0.2284,0.03406,-3.175,389,none
414,V,P,-0.7811,-0.5239,-3.157,389,none
414,V,Q,-0.1037,0.04761,-3.096,389,none
414,V,R,0.01788,-0.03752,-3.255,389,none
414,V,S,0.2168,,-3.001,389,none
414,V,T,-0.3773,-0.5625,-3.367,389,none
414,V,V,0,0,0,389,none
414,V,W,,,-3.223,389,none
414,V,Y,,-0.05969,-3.238,389,none
415,S,A,0.06798,-0.1033,-0.6745,390,none
415,S,C,-0.0008178,-0.1312,-2.282,390,none
415,S,D,-0.02828,-0.05502,-3.383,390,none
415,S,E,0.0471,-0.5881,-3.25,390,none
415,S,F,-0.315,-0.5829,-3.356,390,none
415,S,G,0.0509,0.1483,-0.9439,390,none
415,S,H,-0.07722,0.139,-3.273,390,none
415,S,I,0.1535,0.09349,-3.354,390,none
415,S,K,,,-3.124,390,none
415,S,L,-0.1373,-0.04837,-3.248,390,none
415,S,M,,,-3.437,390,none
415,S,N,0.1316,0.248,-3.267,390,none
415,S,P,0.0005781,-0.9296,-3.42,390,none
415,S,Q,,,-3.254,390,none
415,S,R,,,-3.118,390,none
415,S,S,0,0,0,390,none
415,S,V,0.2652,-0.131,-1.375,390,none
415,S,W,-0.2105,-0.575,-3.378,390,none
415,S,Y,0.06462,-0.747,-3.192,390,none
416,C,A,-0.1151,0.06443,-3.396,391,none
416,C,C,0,0,0,391,none
416,C,D,-0.2126,0.1702,-3.314,391,none
416,C,E,-0.5182,-1.216,-2.073,391,none
416,C,F,-0.05251,-0.743,-3.437,391,none
416,C,G,0.4527,0.3541,-3.364,391,none
416,C,H,,-0.6693,-3.295,391,none
416,C,I,0.3099,-0.3252,-3.151,391,none
416,C,K,0.1348,0.4482,-3.371,391,none
416,C,L,-0.2739,0.02779,-2.565,391,none
416,C,M,-0.2287,-0.2047,-3.28,391,none
416,C,N,-0.112,-0.2818,-3.28,391,none
416,C,P,-0.09118,,-2.984,391,none
416,C,Q,0.5549,0.09614,-3.184,391,none
416,C,R,0.3353,0.1242,-3.025,391,none
416,C,S,-0.1434,-0.6805,-3.369,391,none
416,C,T,-0.03454,-0.8023,-3.325,391,none
416,C,V,0.08777,-0.6704,-3.133,391,none
416,C,W,0.4228,-0.7495,-3.05,391,none
416,C,Y,-0.1376,-0.413,-3.056,391,none
417,Y,A,-0.03744,0.02103,-0.8735,392,none
417,Y,C,-0.03173,0.02553,-3.423,392,none
417,Y,D,-0.2694,,-3.399,392,none
417,Y,E,-0.09204,-0.003046,-3.239,392,none
417,Y,F,-0.1636,-0.1229,-2.068,392,none
417,Y,G,-0.3632,-0.08842,-3.121,392,none
417,Y,H,-0.4596,-1.242,-2.287,392,none
417,Y,I,,,-3.427,392,none
417,Y,K,0.1197,0.2852,-3.336,392,none
417,Y,L,,,-3.304,392,none
417,Y,M,,,-3.356,392,none
417,Y,N,-0.2446,-0.06728,-2.737,392,none
417,Y,P,-0.02562,,-3.384,392,none
417,Y,Q,-0.08717,-0.292,-2.765,392,none
417,Y,R,-0.1381,0.3048,-3.213,392,none
417,Y,S,-0.2574,,-3.11,392,none
417,Y,T,-0.4345,-0.3128,-2.825,392,none
417,Y,V,-0.0647,-0.9961,-3.239,392,none
417,Y,W,0.002536,-0.4048,-3.02,392,none
417,Y,Y,0,0,0,392,none
418,G,A,-0.2785,-0.3644,-1.63,393,none
418,G,C,-0.4379,-0.4217,-3.373,393,none
418,G,D,-0.09387,-0.5437,-2.987,393,none
418,G,E,-0.06249,-0.5916,-3.022,393,none
418,G,F,0.2091,0.1956,-3.338,393,none
418,G,G,0,0,0,393,none
418,G,H,0.003674,-0.002301,-2.207,393,none
418,G,I,-0.04845,-0.5939,-3.22,393,none
418,G,K,0.381,-0.7781,-2.572,393,none
418,G,L,0.1788,-0.1297,-2.139,393,none
418,G,M,-0.1952,0.1257,-2.876,393,none
418,G,N,,,-3.388,393,none
418,G,P,,,-2.498,393,none
418,G,Q,0.07547,0.03958,-0.9045,393,none
418,G,R,0.1099,-0.09375,-1.843,393,none
418,G,S,-0.006189,0.05669,-1.983,393,none
418,G,T,0.03463,0.2265,-0.258,393,none
418,G,V,0.08588,-0.1794,-1.927,393,none
418,G,W,,,-2.383,393,none
418,G,Y,,-1.097,-2.986,393,none
419,K,A,,,-0.8499,394,none
419,K,E,0.4316,0.1848,0.6203,394,none
419,K,F,-0.2566,0.02613,0.02971,394,none
419,K,G,0.1251,0.2829,0.03239,394,none
419,K,I,-0.04359,0.02575,0.1211,394,none
419,K,K,0,0,0,394,none
419,K,L,-0.2449,-0.2234,-0.2271,394,none
419,K,M,-0.1852,0.0535,0.4886,394,none
419,K,N,-0.3095,0.1202,-0.1448,394,none
419,K,P,-0.1093,-0.0355,0.3633,394,none
419,K,Q,-0.1539,-0.03146,-0.05468,394,none
419,K,R,-0.3128,-0.2773,-0.5418,394,none
419,K,S,-0.0615,-0.05166,0.4957,394,none
419,K,T,-0.2094,0.1794,0.5165,394,none
419,K,V,-0.02988,-0.1705,0.6391,394,none
419,K,W,-0.3815,-0.7357,-1.365,394,none
419,K,Y,-0.298,-0.2966,-0.4628,394,none
420,T,A,-0.6299,-0.4534,-1.169,395,none
420,T,C,0.4674,-0.4169,-2.244,395,none
420,T,D,-0.1652,-0.06345,-1.092,395,none
420,T,E,-0.06343,-0.5015,-3.087,395,none
420,T,F,-0.08415,0.3394,-1.924,395,none
420,T,G,-0.3379,-0.2168,-2.625,395,none
420,T,I,0.3694,0.03805,0.07927,395,none
420,T,K,-0.1361,-0.9066,-3.295,395,none
420,T,L,0.02158,0.255,-0.1718,395,none
420,T,M,-0.3189,,-2.835,395,none
420,T,N,-0.2102,-0.335,-1.132,395,none
420,T,P,,,-1.413,395,none
420,T,Q,-0.2136,-0.1598,-2.644,395,none
420,T,R,0.01549,-0.01825,-3.459,395,none
420,T,S,,,-1.733,395,none
420,T,T,0,0,0,395,none
420,T,V,-0.005953,-0.2651,1.033,395,none
420,T,W,0.1348,0.09291,-1.679,395,none
420,T,Y,0.1874,0.03467,-2.119,395,none
421,K,A,,,0.3377,396,none
421,K,C,0.05947,0.1517,-2.842,396,none
421,K,D,,,-3.167,396,none
421,K,E,0.2023,0.08292,-3.465,396,none
421,K,F,-0.02493,0.1182,-0.8171,396,none
421,K,H,0.05854,0.1569,-0.9135,396,none
421,K,I,0.06703,0.5915,0.9286,396,none
421,K,K,0,0,0,396,none
421,K,L,-0.09331,0.1047,-0.3979,396,none
421,K,M,0.2472,1.138,0.2548,396,none
421,K,N,-0.4634,-0.2236,-3.467,396,none
421,K,Q,0.4498,0.938,-1.239,396,none
421,K,R,0.4496,0.8073,-2.714,396,none
421,K,S,0.2872,0.4673,0.4058,396,none
421,K,T,-0.2205,0.868,-0.5204,396,none
421,K,W,0.8351,,-0.6445,396,none
421,K,Y,0.5529,0.5796,0.3806,396,none
422,C,C,0,0,0,397,region_IV
422,C,D,-0.02396,-0.03382,-2.521,397,region_IV
422,C,F,0.01655,-0.1418,-3.481,397,region_IV
422,C,G,-0.03612,-0.2326,-3.402,397,region_IV
422,C,H,-0.1332,0.1107,-2.965,397,region_IV
422,C,I,0.2348,-0.07217,-3.361,397,region_IV
422,C,K,-0.09029,0.0547,-3.503,397,region_IV
422,C,L,,,-1.304,397,region_IV
422,C,M,,,-3.121,397,region_IV
422,C,N,-0.364,0.04314,-3.404,397,region_IV
422,C,P,,,-3.284,397,region_IV
422,C,R,-0.009436,-0.4012,-3.276,397,region_IV
422,C,S,0.07913,-0.8779,-3.264,397,region_IV
422,C,T,-0.04174,-0.07276,-3.216,397,region_IV
422,C,V,,,-3.034,397,region_IV
422,C,W,-0.1602,-0.3429,-2.998,397,region_IV
422,C,Y,-0.07013,-0.1344,-3.497,397,region_IV
423,T,A,-0.07015,0.65,0.4658,398,region_IV
423,T,C,-0.17,-0.6305,-3.062,398,region_IV
423,T,D,-0.1543,0.7163,-2.238,398,region_IV
423,T,F,,,-3.244,398,region_IV
423,T,G,-0.01137,0.357,-3.087,398,region_IV
423,T,H,,,-3.213,398,region_IV
423,T,I,0.2362,-0.004074,-2.84,398,region_IV
423,T,K,0.1809,-0.9872,-3.388,398,region_IV
423,T,L,,,-3.253,398,region_IV
423,T,M,0.2828,-0.6189,-2.012,398,region_IV
423,T,P,0.2965,0.1114,-3.187,398,region_IV
423,T,Q,0.1514,0.01087,-1.461,398,region_IV
423,T,R,,,-3.438,398,region_IV
423,T,S,-0.05429,0.03739,-0.3764,398,region_IV
423,T,T,0,0,0,398,region_IV
423,T,V,-0.05851,-0.5925,-0.1017,398,region_IV
423,T,W,1.007,1.191,-2.652,398,region_IV
423,T,Y,-0.018,,-3.184,398,region_IV
424,A,A,0,0,0,399,region_IV
424,A,C,0.09946,0.0939,-1.993,399,region_IV
424,A,D,-0.2257,-0.7587,-3.393,399,region_IV
424,A,E,-0.05841,-0.3131,-3.407,399,region_IV
424,A,F,-0.4409,-0.4059,-3.485,399,region_IV
424,A,G,0.01634,0.439,-1.821,399,region_IV
424,A,H,-0.05787,-0.5599,-3.327,399,region_IV
424,A,I,0.05585,-0.3012,-3.453,399,region_IV
424,A,K,-0.4061,-0.7122,-3.338,399,region_IV
424,A,L,0.5257,0.2526,-3.421,399,region_IV
424,A,M,-0.3925,,-3.122,399,region_IV
424,A,N,0.2024,-0.5938,-3.202,399,region_IV
424,A,P,,,-3.117,399,region_IV
424,A,Q,0.3775,-0.1514,-3.325,399,region_IV
424,A,R,,,-3.405,399,region_IV
424,A,S,0.06602,-0.4319,-2.963,399,region_IV
424,A,T,-0.4482,-0.2071,-3.171,399,region_IV
424,A,V,0.005457,-0.775,-2.747,399,region_IV
424,A,W,,,-3.238,399,region_IV
424,A,Y,0.005866,-0.397,-3.179,399,region_IV
425,S,A,-0.2001,0.2082,-0.2667,400,region_IV
425,S,C,-0.0334,-0.4789,-1.438,400,region_IV
425,S,D,0.124,0.05765,-2.17,400,region_IV
425,S,E,,,-0.4152,400,region_IV
425,S,F,0.1329,0.2464,-2.671,400,region_IV
425,S,G,0.55,-0.1261,-1.445,400,region_IV
425,S,H,0.2309,,-2.79,400,region_IV
425,S,I,-0.008855,-0.6677,-1.943,400,region_IV
425,S,K,-0.1877,,-3.391,400,region_IV
425,S,L,-0.4892,-0.4915,-3.433,400,region_IV
425,S,M,-0.3705,,-3.219,400,region_IV
425,S,N,0.03807,-0.1482,0.04835,400,region_IV
425,S,P,0.102,-1.309,-3.373,400,region_IV
425,S,Q,0.4295,0.3535,-0.9983,400,region_IV
425,S,R,-0.2408,,-3.116,400,region_IV
425,S,S,0,0,0,400,region_IV
425,S,T,-0.2864,-0.03384,-0.8261,400,region_IV
425,S,V,-0.4252,-0.3813,-2.445,400,region_IV
425,S,W,-0.06735,-0.05666,-1.897,400,region_IV
425,S,Y,,,-3.223,400,region_IV
426,N,A,0.6042,0.1982,-3.343,401,region_IV
426,N,C,0.4934,-0.8956,-3.265,401,region_IV
426,N,D,1.662,2.456,-0.5699,401,region_IV
426,N,E,0.137,0.1428,-2.483,401,region_IV
426,N,F,0.3487,,-3.28,401,region_IV
426,N,G,-0.03749,,-3.429,401,region_IV
426,N,H,0.01748,0.6654,-1.389,401,region_IV
426,N,I,0.1835,,-3.043,401,region_IV
426,N,K,0.3008,0.01604,-3.401,401,region_IV
426,N,L,,-0.5225,-3.452,401,region_IV
426,N,M,0.183,-0.01145,-3.229,401,region_IV
426,N,N,0,0,0,401,region_IV
426,N,P,-0.2694,-0.2441,-3.453,401,region_IV
426,N,Q,0.2243,0.6161,-2.142,401,region_IV
426,N,R,-0.2089,,-3.395,401,region_IV
426,N,S,0.7675,-0.03295,-3.532,401,region_IV
426,N,T,1.007,1.097,-2.351,401,region_IV
426,N,V,-0.06745,-0.674,-3.373,401,region_IV
426,N,W,-0.06288,-0.09933,-3.461,401,region_IV
426,N,Y,0.0116,-0.3627,-3.397,401,region_IV
427,K,A,0.09065,0.3977,-0.878,402,region_IV
427,K,C,-0.4428,-0.4169,-2.731,402,region_IV
427,K,E,0.3057,-0.3691,-3.274,402,region_IV
427,K,F,0.07549,0.7324,-0.7097,402,region_IV
427,K,G,0.05684,,-3.366,402,region_IV
427,K,H,-0.1489,-0.3121,-2.758,402,region_IV
427,K,I,0.1027,0.721,-0.6988,402,region_IV
427,K,K,0,0,0,402,region_IV
427,K,L,-0.02948,0.2151,-0.6448,402,region_IV
427,K,M,0.08409,0.172,0.1304,402,region_IV
427,K,N,-0.01228,0.1879,-2.466,402,region_IV
427,K,P,-0.2014,-0.07318,-1.306,402,region_IV
427,K,Q,0.4479,0.1226,-0.6146,402,region_IV
427,K,R,0.5099,-0.1079,-2.301,402,region_IV
427,K,S,0.35,0.04467,-2.887,402,region_IV
427,K,T,-0.2624,0.3122,-3.186,402,region_IV
427,K,V,,,-2.359,402,region_IV
427,K,W,-0.461,0.1938,-0.6653,402,region_IV
427,K,Y,-0.04276,-0.08898,-1.239,402,region_IV
428,N,A,,,-3.407,403,region_IV
428,N,C,0.785,0.0005427,-3.425,403,region_IV
428,N,D,0.08512,-0.3475,-3.458,403,region_IV
428,N,E,,,-3.466,403,region_IV
428,N,F,,,-3.452,403,region_IV
428,N,G,,,-3.397,403,region_IV
428,N,H,,,-3.446,403,region_IV
428,N,I,-0.02085,,-3.447,403,region_IV
428,N,K,,,-3.509,403,region_IV
428,N,L,,,-3.005,403,region_IV
428,N,M,0.1932,,-3.484,403,region_IV
428,N,N,0,0,0,403,region_IV
428,N,P,0.938,,-3.497,403,region_IV
428,N,Q,-0.09917,,-3.494,403,region_IV
428,N,R,0.1201,-0.2747,-3.418,403,region_IV
428,N,S,-0.02596,,-3.471,403,region_IV
428,N,T,-0.1666,-1.073,-3.492,403,region_IV
428,N,V,0.03721,-0.359,-3.48,403,region_IV
428,N,W,-0.1536,,-3.336,403,region_IV
428,N,Y,,,-3.386,403,region_IV
429,R,A,0.2895,,-3.181,404,region_IV
429,R,C,,,-3.39,404,region_IV
429,R,D,,,-3.468,404,region_IV
429,R,E,,,-3.423,404,region_IV
429,R,F,,-0.7541,-3.455,404,region_IV
429,R,G,0.4267,-0.03289,-3.504,404,region_IV
429,R,H,-0.2148,-0.07687,-3.448,404,region_IV
429,R,I,-0.1041,,-3.294,404,region_IV
429,R,K,0.1072,2.57,0.9802,404,region_IV
429,R,L,0.04933,-0.7999,-3.546,404,region_IV
429,R,M,0.3583,2.874,0.3743,404,region_IV
429,R,N,0.9631,0.8124,-2.696,404,region_IV
429,R,P,-0.04302,0.3375,-3.425,404,region_IV
429,R,Q,0.08719,1.774,0.8119,404,region_IV
429,R,R,0,0,0,404,region_IV
429,R,S,0.6124,2.481,-1.346,404,region_IV
429,R,T,-0.4115,,-3.463,404,region_IV
429,R,V,-0.08537,-0.573,-3.373,404,region_IV
429,R,W,-0.406,-0.639,-3.543,404,region_IV
429,R,Y,-0.2306,,-3.46,404,region_IV
430,G,A,-0.08547,-1.223,-3.442,405,region_IV
430,G,C,-0.2972,-0.1915,-3.455,405,region_IV
430,G,D,0.7653,-1.357,-3.316,405,region_IV
430,G,E,,,-3.271,405,region_IV
430,G,F,0.2672,0.3387,-3.52,405,region_IV
430,G,G,0,0,0,405,region_IV
430,G,H,0.03891,,-3.429,405,region_IV
430,G,I,-0.09192,-0.8773,-3.425,405,region_IV
430,G,K,-0.1915,-0.5043,-3.412,405,region_IV
430,G,L,-0.07863,0.8743,-3.447,405,region_IV
430,G,M,,,-3.45,405,region_IV
430,G,N,-0.329,,-3.421,405,region_IV
430,G,P,-0.01288,-0.9934,-3.341,405,region_IV
430,G,Q,,,-3.439,405,region_IV
430,G,R,-0.1111,-0.7654,-3.429,405,region_IV
430,G,S,0.3172,-0.1705,-3.479,405,region_IV
430,G,T,0.1116,-1.709,-3.452,405,region_IV
430,G,V,0.1034,-0.6135,-3.487,405,region_IV
430,G,W,,,-3.431,405,region_IV
430,G,Y,-0.1791,,-3.459,405,region_IV
431,I,A,,0.1583,-3.147,406,region_IV
431,I,C,-0.1648,-0.7542,-3.412,406,region_IV
431,I,D,0.05295,0.02129,-3.277,406,region_IV
431,I,E,0.05358,,-3.458,406,region_IV
431,I,F,-0.207,-1.029,-3.495,406,region_IV
431,I,G,0.02132,0.0559,-2.891,406,region_IV
431,I,H,-0.02164,,-3.503,406,region_IV
431,I,I,0,0,0,406,region_IV
431,I,K,-0.7429,,-3.455,406,region_IV
431,I,L,-0.1302,-0.6981,-3.467,406,region_IV
431,I,M,0.9063,-0.6037,-3.458,406,region_IV
431,I,N,0.2261,0.1488,-3.464,406,region_IV
431,I,P,-0.3496,-0.7227,-3.449,406,region_IV
431,I,Q,,0.4888,-3.47,406,region_IV
431,I,R,,,-2.957,406,region_IV
431,I,S,-0.5681,-0.624,-3.463,406,region_IV
431,I,T,-0.03236,-0.4645,-3.464,406,region_IV
431,I,V,0.01354,-0.04576,-2.873,406,region_IV
431,I,W,,-0.3946,-3.433,406,region_IV
431,I,Y,,,-3.428,406,region_IV
432,I,A,,,-3.431,407,region_IV
432,I,C,-0.05512,0.03357,-3.272,407,region_IV
432,I,D,-0.1042,-0.3074,-3.316,407,region_IV
432,I,E,0.04734,-0.04125,-3.417,407,region_IV
432,I,F,-0.3231,-0.06746,-3.471,407,region_IV
432,I,G,-0.04223,-0.1053,-3.225,407,region_IV
432,I,H,0.03707,0.06892,-3.486,407,region_IV
432,I,I,0,0,0,407,region_IV
432,I,K,-0.272,-0.2024,-3.454,407,region_IV
432,I,L,0.4497,0.1504,-2.187,407,region_IV
432,I,M,0.5796,,-3.321,407,region_IV
432,I,N,-0.4926,0.09154,-3.492,407,region_IV
432,I,P,-0.1156,-0.2011,-3.027,407,region_IV
432,I,Q,0.4834,-0.2148,-3.466,407,region_IV
432,I,R,0.279,0.006951,-3.415,407,region_IV
432,I,S,0.1021,,-3.255,407,region_IV
432,I,T,0.2525,0.1081,-2.031,407,region_IV
432,I,V,0.1889,0.354,-0.3916,407,region_IV
432,I,W,-0.1235,,-3.359,407,region_IV
432,I,Y,,,-3.179,407,region_IV
433,K,A,0.1831,1.199,-1.985,408,region_IV
433,K,C,-0.05674,-0.9984,-3.2,408,region_IV
433,K,D,-0.1796,-0.7002,-3.502,408,region_IV
433,K,E,0.3554,1.348,-2.329,408,region_IV
433,K,F,0.3567,1.664,-1.597,408,region_IV
433,K,G,,,-3.442,408,region_IV
433,K,H,0.565,2.088,-0.8151,408,region_IV
433,K,I,0.4102,1.393,-1.075,408,region_IV
433,K,K,0,0,0,408,region_IV
433,K,L,-0.05062,0.6859,-1.452,408,region_IV
433,K,M,0.08639,0.5751,-2.563,408,region_IV
433,K,N,0.207,0.7518,-2.306,408,region_IV
433,K,P,,-1.198,-3.288,408,region_IV
433,K,Q,0.4813,0.8678,-0.9949,408,region_IV
433,K,R,-0.04362,0.424,-0.1596,408,region_IV
433,K,S,0.07485,-0.1471,-2.447,408,region_IV
433,K,T,0.0274,1.607,-2.583,408,region_IV
433,K,V,0.05018,1.904,-0.4309,408,region_IV
433,K,W,,,-3.133,408,region_IV
433,K,Y,0.3897,0.4464,-1.267,408,region_IV
434,T,A,-0.3011,-0.4906,-0.06913,409,region_IV
434,T,C,0.06362,-1.014,-3.503,409,region_IV
434,T,D,0.09089,0.4552,1.139,409,region_IV
434,T,E,-0.08852,0.02031,0.2813,409,region_IV
434,T,F,0.00236,0.03957,-3.157,409,region_IV
434,T,G,,,-2.354,409,region_IV
434,T,H,,,-3.189,409,region_IV
434,T,I,0.09702,0.1337,-1.438,409,region_IV
434,T,K,0.7068,-0.7466,-3.492,409,region_IV
434,T,L,0.4188,1.217,1.115,409,region_IV
434,T,M,-0.2359,-0.3855,0.0678,409,region_IV
434,T,N,-0.1065,-0.03048,-0.1113,409,region_IV
434,T,P,-0.04348,0.2582,-3.107,409,region_IV
434,T,Q,,-1.025,-2.934,409,region_IV
434,T,R,,,-3.466,409,region_IV
434,T,S,-0.239,,-0.8239,409,region_IV
434,T,T,0,0,0,409,region_IV
434,T,V,-0.03995,0.06976,-1.563,409,region_IV
434,T,W,0.1848,0.006876,-3.464,409,region_IV
434,T,Y,-0.244,0.3285,-0.4808,409,region_IV
435,F,A,-0.2968,0.00203,-3.195,410,region_IV
435,F,C,,,-2.918,410,region_IV
435,F,D,0.699,-0.7697,-3.116,410,region_IV
435,F,E,-0.07384,0.2671,-3.263,410,region_IV
435,F,F,0,0,0,410,region_IV
435,F,G,-0.2441,0.1094,-3.324,410,region_IV
435,F,H,-0.06519,-0.1572,-3.244,410,region_IV
435,F,I,-0.159,,-2.829,410,region_IV
435,F,K,-0.03259,0.2886,-3.369,410,region_IV
435,F,L,0.5414,0.5615,-1.841,410,region_IV
435,F,M,-0.1096,0.3088,-1.444,410,region_IV
435,F,N,-0.02281,-0.4072,-3.093,410,region_IV
435,F,P,,,-3.17,410,region_IV
435,F,Q,0.3865,-0.1443,-3.151,410,region_IV
435,F,R,0.09223,-0.4848,-3.46,410,region_IV
435,F,S,-0.1347,0.1898,-3.311,410,region_IV
435,F,T,-0.2405,-0.1181,-3.408,410,region_IV
435,F,V,0.03314,-0.5668,-3.303,410,region_IV
435,F,W,0.2394,-0.249,-3.386,410,region_IV
435,F,Y,-0.2543,-0.3038,-3.408,410,region_IV
436,S,A,0.01351,-0.4046,0.4812,411,region_IV
436,S,C,0.9179,1.015,-1.44,411,region_IV
436,S,D,-0.1133,0.02605,1.064,411,region_IV
436,S,F,-0.01089,,-1.003,411,region_IV
436,S,G,-0.2441,0.09068,-0.5538,411,region_IV
436,S,H,-0.3161,0.04332,-1.913,411,region_IV
436,S,I,0.1942,0.2245,-0.594,411,region_IV
436,S,K,0.05115,-0.1778,-2.628,411,region_IV
436,S,L,-0.01784,0.02687,-0.1234,411,region_IV
436,S,M,-0.03206,0.04112,0.3218,411,region_IV
436,S,N,0.02571,-0.209,-0.1297,411,region_IV
436,S,P,-0.2128,0.003129,-0.3199,411,region_IV
436,S,Q,0.2213,-0.1199,0.5645,411,region_IV
436,S,R,0.6526,0.1382,-2.058,411,region_IV
436,S,S,0,0,0,411,region_IV
436,S,T,0.2528,0.3118,0.2897,411,region_IV
436,S,V,0.2936,0.4314,0.04632,411,region_IV
436,S,W,-0.2459,,-2.724,411,region_IV
437,N,A,0.3213,-0.1061,-0.2849,412,region_IV
437,N,C,-0.1312,,-3.408,412,region_IV
437,N,D,-0.02965,-0.9079,-2.931,412,region_IV
437,N,E,-0.213,-0.5395,-1.347,412,region_IV
437,N,F,0.1891,0.06026,-2.137,412,region_IV
437,N,G,-0.3692,-0.04145,-0.4486,412,region_IV
437,N,H,0.3637,,-3.439,412,region_IV
437,N,I,0.04667,0.09784,-2.098,412,region_IV
437,N,K,0.2875,-0.01942,-3.32,412,region_IV
437,N,L,0.8125,0.1516,-2.29,412,region_IV
437,N,M,0.1521,-0.2251,-1.607,412,region_IV
437,N,N,0,0,0,412,region_IV
437,N,P,0.05566,0.3362,-1.58,412,region_IV
437,N,Q,0.004615,-0.2418,-1.382,412,region_IV
437,N,R,-0.01331,,-3.47,412,region_IV
437,N,S,0.3845,-0.1323,-0.4373,412,region_IV
437,N,T,0.6808,0.1574,-0.5507,412,region_IV
437,N,V,0.07287,-0.1395,-1.732,412,region_IV
437,N,W,0.2106,0.2067,-1.938,412,region_IV
437,N,Y,0.3216,-0.5086,-2.141,412,region_IV
438,G,A,0.7924,-0.3011,-3.236,413,region_IV
438,G,C,-0.002959,-1.523,-3.461,413,region_IV
438,G,D,0.6207,-0.07336,-3.163,413,region_IV
438,G,E,-0.01978,-0.798,-3.452,413,region_IV
438,G,F,0.001598,-0.3884,-2.925,413,region_IV
438,G,G,0,0,0,413,region_IV
438,G,H,,-0.7006,-3.207,413,region_IV
438,G,I,,,-3.194,413,region_IV
438,G,K,,-1.005,-3.37,413,region_IV
438,G,L,,,-2.155,413,region_IV
438,G,M,,,-3.37,413,region_IV
438,G,N,-0.1005,-0.4766,-3.218,413,region_IV
438,G,P,0.08863,-0.008912,-3.35,413,region_IV
438,G,Q,0.3704,-1.386,-3.403,413,region_IV
438,G,R,0.3101,-1.484,-3.441,413,region_IV
438,G,S,0.04018,-0.7672,-3.407,413,region_IV
438,G,T,,,-3.404,413,region_IV
438,G,V,-0.02392,-0.7111,-3.432,413,region_IV
438,G,W,,0.06129,-3.165,413,region_IV
438,G,Y,,,-3.151,413,region_IV
439,C,A,0.01133,0.201,-3.147,414,region_IV
439,C,C,0,0,0,414,region_IV
439,C,D,,,-3.233,414,region_IV
439,C,E,0.12,0.04738,-3.284,414,region_IV
439,C,F,0.3781,-0.6182,-3.325,414,region_IV
439,C,G,1.191,0.2074,-3.3,414,region_IV
439,C,H,-0.053,-0.5401,-3.244,414,region_IV
439,C,I,-0.6009,0.08369,-3.231,414,region_IV
439,C,K,-0.007259,-0.4664,-3.19,414,region_IV
439,C,L,-0.1068,-1.084,-3.396,414,region_IV
439,C,M,0.1148,1.126,-3.167,414,region_IV
439,C,N,0.08511,0.0419,-3.335,414,region_IV
439,C,P,0.6927,-0.03236,-3.334,414,region_IV
439,C,Q,-0.2872,,-3.212,414,region_IV
439,C,R,0.0501,-0.2143,-3.264,414,region_IV
439,C,S,-0.5726,,-3.235,414,region_IV
439,C,T,0.05545,0.4737,-3.333,414,region_IV
439,C,V,-0.04329,-0.7623,-3.331,414,region_IV
439,C,W,,,-3.378,414,region_IV
439,C,Y,-0.7076,0.1735,-3.325,414,region_IV
440,D,A,-0.1084,0.3383,-3.022,415,region_IV
440,D,C,-0.04505,-0.5553,-3.053,415,region_IV
440,D,D,0,0,0,415,region_IV
440,D,E,-0.1465,-0.5558,-2.7,415,region_IV
440,D,F,0.3307,-0.3309,-3.404,415,region_IV
440,D,G,-0.452,-1.621,-0.8837,415,region_IV
440,D,H,0.664,0.5631,-3.255,415,region_IV
440,D,I,0.1797,-0.366,-3.442,415,region_IV
440,D,K,0.06012,0.2584,-3.452,415,region_IV
440,D,L,-0.09194,0.00981,-3.369,415,region_IV
440,D,M,0.1055,,-3.303,415,region_IV
440,D,N,0.243,-0.05838,-2.875,415,region_IV
440,D,P,-0.2828,-0.4382,-3.321,415,region_IV
440,D,Q,-0.01045,,-2.814,415,region_IV
440,D,R,-0.08217,0.09571,-3.348,415,region_IV
440,D,S,0.1015,0.3803,-2.327,415,region_IV
440,D,T,0.04669,0.09682,-3.114,415,region_IV
440,D,V,,,-3.184,415,region_IV
440,D,W,-0.05941,,-3.306,415,region_IV
440,D,Y,-0.2292,-0.7565,-3.483,415,region_IV
441,Y,A,,,-3.301,416,region_IV
441,Y,C,-0.3054,-0.01792,-2.879,416,region_IV
441,Y,D,-0.09898,,-3.292,416,region_IV
441,Y,E,0.07258,-0.61,-3.204,416,region_IV
441,Y,F,0.07511,-0.04035,-1.93,416,region_IV
441,Y,G,-0.3403,-0.7336,-3.391,416,region_IV
441,Y,H,-0.06848,-0.3988,-3.351,416,region_IV
441,Y,I,0.02016,-0.2459,-3.405,416,region_IV
441,Y,K,-0.3014,-0.1811,-3.045,416,region_IV
441,Y,L,-0.0482,-0.4092,-3.215,416,region_IV
441,Y,M,,-0.1517,-3.096,416,region_IV
441,Y,N,-0.1143,-0.734,-3.367,416,region_IV
441,Y,P,-0.2468,-0.01574,-3.405,416,region_IV
441,Y,Q,-0.01442,-0.4548,-3.144,416,region_IV
441,Y,R,0.2505,-0.07139,-3.399,416,region_IV
441,Y,S,-0.1817,-0.06494,-3.303,416,region_IV
441,Y,T,0.006822,0.1428,-3.344,416,region_IV
441,Y,V,0.01056,0.07532,-2.89,416,region_IV
441,Y,W,-0.1236,0.03244,-2.11,416,region_IV
441,Y,Y,0,0,0,416,region_IV
442,V,A,,,-1.507,417,region_IV
442,V,C,0.03836,-0.5769,-3.197,417,region_IV
442,V,E,-0.4193,-0.1964,-3.367,417,region_IV
442,V,F,-0.1991,,-3.276,417,region_IV
442,V,G,-0.06477,0.08295,-3.077,417,region_IV
442,V,H,,,-3.249,417,region_IV
442,V,I,,,-1.512,417,region_IV
442,V,K,-0.2098,,-3.281,417,region_IV
442,V,L,-0.3439,0.1871,-1.779,417,region_IV
442,V,M,-0.4687,-0.5015,-1.389,417,region_IV
442,V,N,-0.1641,-0.6742,-3.381,417,region_IV
442,V,P,,,-3.173,417,region_IV
442,V,Q,0.129,1.81,-1.725,417,region_IV
442,V,R,-0.1861,-0.8435,-3.261,417,region_IV
442,V,S,0.1757,1.063,-1.762,417,region_IV
442,V,T,-0.2766,1.128,-0.7598,417,region_IV
442,V,V,0,0,0,417,region_IV
442,V,W,-0.2405,-1.124,-3.224,417,region_IV
442,V,Y,0.2723,,-3.117,417,region_IV
443,S,A,0.1627,1.093,-0.3881,418,region_IV
443,S,C,0.9847,,-1.329,418,region_IV
443,S,D,0.6544,2.364,-1.28,418,region_IV
443,S,E,-0.01378,1.253,-1.095,418,region_IV
443,S,F,-0.186,1.758,-0.1921,418,region_IV
443,S,G,0.1817,1.681,0.06746,418,region_IV
443,S,H,-0.1701,0.3026,0.1392,418,region_IV
443,S,I,-0.01982,0.4656,-2.551,418,region_IV
443,S,K,,,-2.861,418,region_IV
443,S,L,,-0.06369,-3.445,418,region_IV
443,S,M,0.03102,0.3031,-1.265,418,region_IV
443,S,N,0.1611,-0.2575,-0.8562,418,region_IV
443,S,P,1.325,3.147,-0.2006,418,region_IV
443,S,Q,0.09368,1.509,-0.989,418,region_IV
443,S,R,0.2969,0.7152,-2.429,418,region_IV
443,S,S,0,0,0,418,region_IV
443,S,T,-0.09331,-0.3292,-0.2551,418,region_IV
443,S,V,-0.2349,1.915,-1.328,418,region_IV
443,S,W,0.1707,2.349,0.02455,418,region_IV
443,S,Y,-0.08219,1.24,-0.9999,418,region_IV
444,N,A,,,-1.091,419,region_IV
444,N,C,0.271,0.003926,-2.466,419,region_IV
444,N,D,0.714,-0.1766,-1.417,419,region_IV
444,N,E,-0.6752,-0.6073,-3.333,419,region_IV
444,N,F,-0.2918,-1.31,-3.338,419,region_IV
444,N,G,0.07096,0.9816,-1.16,419,region_IV
444,N,H,0.104,0.6782,-1.974,419,region_IV
444,N,I,0.03395,0.6984,-2.982,419,region_IV
444,N,K,-0.1296,-0.2589,-2.771,419,region_IV
444,N,L,-0.01503,,-3.154,419,region_IV
444,N,M,0.584,0.8477,-3.126,419,region_IV
444,N,N,0,0,0,419,region_IV
444,N,P,0.1202,0.766,-3.168,419,region_IV
444,N,Q,0.03494,,-0.8472,419,region_IV
444,N,R,0.3284,-0.3106,-3.353,419,region_IV
444,N,S,-0.02988,0.6504,0.04684,419,region_IV
444,N,T,-0.106,-0.1017,-2.176,419,region_IV
444,N,V,0.1634,-0.6886,-2.955,419,region_IV
444,N,W,-0.3509,-0.8669,-3.282,419,region_IV
444,N,Y,,,-3.274,419,region_IV
445,K,A,0.6072,1.805,-0.2148,420,region_IV
445,K,C,0.4533,1.08,-2.405,420,region_IV
445,K,D,0.218,,-1.892,420,region_IV
445,K,E,0.6422,1.25,-1.227,420,region_IV
445,K,F,0.8089,2.137,-1.152,420,region_IV
445,K,G,0.837,2.264,0.08639,420,region_IV
445,K,I,0.7279,1.304,-0.3493,420,region_IV
445,K,K,0,0,0,420,region_IV
445,K,L,1.925,1.844,-1.604,420,region_IV
445,K,M,0.6742,1.372,0.1675,420,region_IV
445,K,N,0.8139,2.103,-0.6843,420,region_IV
445,K,P,-0.03543,0.06426,-2.731,420,region_IV
445,K,Q,0.4868,2.241,-0.7172,420,region_IV
445,K,R,0.02501,0.7634,0.1344,420,region_IV
445,K,S,0.3168,2.048,-0.8392,420,region_IV
445,K,T,0.1315,1.941,-1.043,420,region_IV
445,K,V,0.3818,3.069,-0.6527,420,region_IV
445,K,W,0.8008,,-3.04,420,region_IV
445,K,Y,0.268,2.199,-1.829,420,region_IV
446,G,A,0.6906,,-1.888,421,region_IV
446,G,C,0.5865,0.9278,-3.08,421,region_IV
446,G,D,2.123,2.256,-1.065,421,region_IV
446,G,E,,0.9569,-2.136,421,region_IV
446,G,F,1.881,2.193,-1.023,421,region_IV
446,G,G,0,0,0,421,region_IV
446,G,H,1.347,0.7279,-1.601,421,region_IV
446,G,I,0.7719,0.5187,-2.351,421,region_IV
446,G,K,1.112,2.442,-3.224,421,region_IV
446,G,L,1.086,0.932,-2.085,421,region_IV
446,G,M,1.375,1.799,-0.6109,421,region_IV
446,G,N,1.331,0.4647,-1.57,421,region_IV
446,G,P,0.5603,1.582,-1.566,421,region_IV
446,G,R,1.129,-0.01877,-3.442,421,region_IV
446,G,S,0.6427,-0.4986,-3.313,421,region_IV
446,G,T,,,-3.404,421,region_IV
446,G,V,0.8855,0.3603,-2.367,421,region_IV
446,G,W,1.289,0.2899,-0.8458,421,region_IV
446,G,Y,2.916,2.379,-1.948,421,region_IV
447,V,A,0.1971,1.245,-1.824,422,region_IV
447,V,C,-0.2423,0.007335,-2.412,422,region_IV
447,V,D,-0.00226,0.4983,-3.336,422,region_IV
447,V,E,-0.2636,,-3.37,422,region_IV
447,V,F,,,-2.083,422,region_IV
447,V,G,-0.068,-0.6335,-3.413,422,region_IV
447,V,H,0.2541,1.163,-2.712,422,region_IV
447,V,I,0.1014,0.06774,-0.5558,422,region_IV
447,V,K,,,-3.187,422,region_IV
447,V,L,-0.1683,-0.03544,-2.224,422,region_IV
447,V,M,0.5502,0.2613,-2.833,422,region_IV
447,V,N,-0.0128,0.00523,-3.428,422,region_IV
447,V,P,-0.2323,-0.1468,-2.042,422,region_IV
447,V,Q,-0.2414,-0.9045,-3.255,422,region_IV
447,V,R,-0.02461,-0.3073,-3.391,422,region_IV
447,V,S,0.02473,0.3749,-3.099,422,region_IV
447,V,T,-0.308,0.9591,-0.8158,422,region_IV
447,V,V,0,0,0,422,region_IV
447,V,W,-0.0398,,-3.459,422,region_IV
447,V,Y,0.3304,-0.48,-3.437,422,region_IV
448,D,A,0.1149,-0.3441,-3.324,423,region_IV
448,D,C,0.06457,,-3.205,423,region_IV
448,D,D,0,0,0,423,region_IV
448,D,E,0.09935,0.7246,-2.131,423,region_IV
448,D,F,0.1073,,-3.292,423,region_IV
448,D,G,-0.03642,-0.281,-3.408,423,region_IV
448,D,H,,,-1.614,423,region_IV
448,D,I,,,-3.497,423,region_IV
448,D,K,-0.1974,-1.032,-3.377,423,region_IV
448,D,L,,,-3.223,423,region_IV
448,D,M,-0.3338,-0.293,-3.474,423,region_IV
448,D,N,-0.09922,-0.3626,-3.445,423,region_IV
448,D,P,0.1898,-0.2504,-3.195,423,region_IV
448,D,Q,-0.06407,,-3.431,423,region_IV
448,D,R,,,-3.081,423,region_IV
448,D,S,0.1324,,-3.46,423,region_IV
448,D,T,0.07887,0.002308,-3.398,423,region_IV
448,D,V,,,-3.164,423,region_IV
448,D,W,,-0.9162,-3.378,423,region_IV
448,D,Y,-0.264,-0.03963,-3.527,423,region_IV
449,T,A,0.3092,0.2562,-2.002,424,region_IV
449,T,C,-0.3725,-1.23,-2.817,424,region_IV
449,T,D,0.2327,-0.6329,-3.014,424,region_IV
449,T,E,-0.1602,-0.2036,-2.817,424,region_IV
449,T,F,0.02011,-0.4792,-2.619,424,region_IV
449,T,G,-0.1638,0.2032,-3.085,424,region_IV
449,T,H,-0.08397,0.3021,-2.107,424,region_IV
449,T,I,-0.1213,-0.7415,-2.982,424,region_IV
449,T,K,0.2185,0.1113,-2.813,424,region_IV
449,T,L,-0.1077,0.002655,-3.265,424,region_IV
449,T,M,0.1433,,-3.468,424,region_IV
449,T,N,-0.03914,-0.1724,-1.297,424,region_IV
449,T,P,,0.4711,-2.342,424,region_IV
449,T,Q,0.0182,0.1429,-1.655,424,region_IV
449,T,R,,,-2.676,424,region_IV
449,T,S,0.5243,0.4218,-1.208,424,region_IV
449,T,T,0,0,0,424,region_IV
449,T,V,-0.1057,-0.3634,-3.161,424,region_IV
449,T,W,0.2263,-0.4016,-0.9141,424,region_IV
449,T,Y,0.2766,-0.3488,-2.686,424,region_IV
450,V,A,0.451,0.2828,-3.372,425,region_IV
450,V,C,-0.05658,-1.174,-3.223,425,region_IV
450,V,D,0.4573,-0.6137,-3.312,425,region_IV
450,V,E,-0.274,-0.7384,-3.373,425,region_IV
450,V,F,0.4552,-0.3697,-3.428,425,region_IV
450,V,G,-0.5397,-1.062,-3.308,425,region_IV
450,V,H,,,-3.112,425,region_IV
450,V,K,,,-2.993,425,region_IV
450,V,L,-0.3169,0.2948,-1.488,425,region_IV
450,V,M,-0.05707,-0.2155,-3.522,425,region_IV
450,V,N,,,-3.128,425,region_IV
450,V,P,,,-3.299,425,region_IV
450,V,Q,0.3338,-0.4763,-3.359,425,region_IV
450,V,R,0.005425,0.6247,-3.111,425,region_IV
450,V,S,-0.2429,-0.2996,-3.375,425,region_IV
450,V,T,-0.02733,0.5844,-3.231,425,region_IV
450,V,V,0,0,0,425,region_IV
450,V,W,0.05567,-0.09242,-3.141,425,region_IV
450,V,Y,-0.1955,-0.2406,-2.659,425,region_IV
451,S,A,-0.0005111,0.2178,0.2886,426,region_IV
451,S,C,-0.1511,-0.314,-3.282,426,region_IV
451,S,D,-0.01077,-0.08996,0.7081,426,region_IV
451,S,E,-0.2349,0.04485,0.1943,426,region_IV
451,S,G,0.04704,-0.1206,-0.5933,426,region_IV
451,S,H,0.1666,-0.6545,-2.404,426,region_IV
451,S,I,0.1444,-0.5227,-1.391,426,region_IV
451,S,K,-0.09168,-1.148,-3.376,426,region_IV
451,S,L,0.7215,0.2282,-2.508,426,region_IV
451,S,M,0.1544,-0.1084,-0.334,426,region_IV
451,S,N,0.05586,-0.9943,-1.28,426,region_IV
451,S,P,0.5213,0.06724,-3.054,426,region_IV
451,S,Q,-0.1256,-0.4121,-1.516,426,region_IV
451,S,R,0.3546,-0.03328,-3.449,426,region_IV
451,S,S,0,0,0,426,region_IV
451,S,T,-0.2054,-0.3891,-0.1358,426,region_IV
451,S,V,-0.04961,0.2291,-0.9567,426,region_IV
451,S,W,-0.06026,-0.8198,-3.09,426,region_IV
451,S,Y,0.2894,,-2.281,426,region_IV
452,V,A,0.2793,0.3736,-3.268,427,region_IV
452,V,C,-0.01612,,-3.017,427,region_IV
452,V,D,-0.239,,-3.396,427,region_IV
452,V,E,-0.2004,-1.239,-3.133,427,region_IV
452,V,F,-0.01434,-0.1879,-3.134,427,region_IV
452,V,G,0.4627,-0.3516,-3.067,427,region_IV
452,V,H,0.06985,-0.2672,-3.299,427,region_IV
452,V,I,,-0.03516,-2.525,427,region_IV
452,V,K,-0.1857,-0.1373,-3.135,427,region_IV
452,V,L,-0.3605,-1.212,-3.114,427,region_IV
452,V,M,-0.1742,-0.268,-3.346,427,region_IV
452,V,N,-0.2877,-0.1974,-3.172,427,region_IV
452,V,P,,-0.0317,-3.131,427,region_IV
452,V,Q,-0.164,,-3.047,427,region_IV
452,V,R,,,-2.846,427,region_IV
452,V,S,,,-3.215,427,region_IV
452,V,T,0.2387,0.08092,-1.278,427,region_IV
452,V,V,0,0,0,427,region_IV
452,V,W,-0.06159,-0.3818,-3.464,427,region_IV
452,V,Y,0.3169,-0.3463,-3.279,427,region_IV
453,G,A,0.1372,-0.7218,-3.369,428,region_IV
453,G,C,0.5949,-0.204,-3.361,428,region_IV
453,G,D,0.1135,-0.02295,-3.469,428,region_IV
453,G,E,-0.02371,-0.2082,-3.442,428,region_IV
453,G,F,-0.1411,,-2.898,428,region_IV
453,G,G,0,0,0,428,region_IV
453,G,H,,,-2.649,428,region_IV
453,G,I,0.06254,-0.1062,-3.459,428,region_IV
453,G,K,,,-3.242,428,region_IV
453,G,L,-0.2579,,-3.397,428,region_IV
453,G,M,-0.0716,,-3.173,428,region_IV
453,G,N,-0.08112,,-3.38,428,region_IV
453,G,P,,0.426,-3.088,428,region_IV
453,G,Q,,,-3.04,428,region_IV
453,G,R,-0.05016,-0.005094,-3.264,428,region_IV
453,G,S,,-0.3649,-3.498,428,region_IV
453,G,T,0.2648,,-3.189,428,region_IV
453,G,V,-0.5196,-0.1575,-3.365,428,region_IV
453,G,W,-0.2837,-0.1051,-3.355,428,region_IV
453,G,Y,,,-3.117,428,region_IV
454,N,A,-0.1113,,-3.459,429,region_IV
454,N,C,,,-1.381,429,region_IV
454,N,D,-0.1979,-1.246,-3.464,429,region_IV
454,N,E,-0.199,-0.7184,-3.244,429,region_IV
454,N,F,,,-3.515,429,region_IV
454,N,G,0.08053,-0.7733,-3.295,429,region_IV
454,N,H,-0.0201,-1.316,-3.497,429,region_IV
454,N,I,0.03781,,-3.468,429,region_IV
454,N,K,-0.2161,,-3.486,429,region_IV
454,N,L,-0.08948,,-3.474,429,region_IV
454,N,M,,,-3.457,429,region_IV
454,N,N,0,0,0,429,region_IV
454,N,P,,,-3.407,429,region_IV
454,N,Q,-0.1295,0.09566,-3.439,429,region_IV
454,N,R,,,-3.473,429,region_IV
454,N,S,-0.3447,0.2231,-3.483,429,region_IV
454,N,T,,,-3.454,429,region_IV
454,N,V,0.04453,-0.2498,-3.413,429,region_IV
454,N,W,,,-3.327,429,region_IV
454,N,Y,,,-3.479,429,region_IV
455,T,A,-0.1384,-1.04,-3.135,430,region_IV
455,T,C,0.399,-0.083,-1.594,430,region_IV
455,T,D,,,-3.192,430,region_IV
455,T,E,-0.4769,-1.376,-3.413,430,region_IV
455,T,F,,-1.023,-3.506,430,region_IV
455,T,G,-0.137,-0.04156,-2.948,430,region_IV
455,T,H,,,-3.474,430,region_IV
455,T,I,-0.258,-0.4123,-0.1882,430,region_IV
455,T,K,0.5135,,-3.485,430,region_IV
455,T,L,,,-3.104,430,region_IV
455,T,M,,-0.444,-3.226,430,region_IV
455,T,N,-0.04701,-0.8306,-3.231,430,region_IV
455,T,P,,,-1.949,430,region_IV
455,T,Q,-0.2204,-0.0196,-1.68,430,region_IV
455,T,R,,,-3.105,430,region_IV
455,T,S,-0.1322,0.1476,-1.379,430,region_IV
455,T,T,0,0,0,430,region_IV
455,T,V,0.7643,0.3403,-1.264,430,region_IV
455,T,W,,,-3.446,430,region_IV
455,T,Y,-0.03073,,-3.437,430,region_IV
456,L,A,,,-1.25,431,region_IV
456,L,C,0.1076,0.6692,1.35,431,region_IV
456,L,D,-0.09565,0.1038,-0.2206,431,region_IV
456,L,E,0.5213,0.4902,-0.3521,431,region_IV
456,L,F,0.0601,0.1469,-1.714,431,region_IV
456,L,G,0.009965,0.6549,-0.4357,431,region_IV
456,L,H,0.05014,-0.03807,-1.431,431,region_IV
456,L,I,0.06021,0.3272,0.157,431,region_IV
456,L,K,0.09335,0.197,-1.306,431,region_IV
456,L,L,0,0,0,431,region_IV
456,L,M,0.04349,0.1455,-0.2341,431,region_IV
456,L,N,-0.1129,0.07699,0.235,431,region_IV
456,L,P,0.09504,,-3.48,431,region_IV
456,L,Q,0.06359,0.2339,0.694,431,region_IV
456,L,R,0.1525,0.3783,-1.113,431,region_IV
456,L,S,,,-3.405,431,region_IV
456,L,T,,,-3.458,431,region_IV
456,L,V,0.4011,0.213,0.5833,431,region_IV
456,L,W,-0.1915,-0.5992,-2.587,431,region_IV
456,L,Y,-0.1833,-0.5503,-1.684,431,region_IV
457,Y,A,,,-2.691,432,region_IV
457,Y,C,,,-3.159,432,region_IV
457,Y,D,,-1.095,-3.445,432,region_IV
457,Y,E,-0.04887,-0.09489,-3.054,432,region_IV
457,Y,F,0.3364,0.1607,-0.5517,432,region_IV
457,Y,H,-0.06105,-0.01732,-1.3,432,region_IV
457,Y,I,0.003201,,-0.7734,432,region_IV
457,Y,K,-0.25,0.7544,-3.365,432,region_IV
457,Y,L,0.1505,0.3794,-1.8,432,region_IV
457,Y,M,0.7739,0.2517,-3.154,432,region_IV
457,Y,N,0.2482,0.04644,-0.1886,432,region_IV
457,Y,Q,-0.1217,-0.4634,-2.944,432,region_IV
457,Y,R,,,-3.151,432,region_IV
457,Y,S,0.631,0.7063,-1.04,432,region_IV
457,Y,T,0.6657,0.02572,-1.791,432,region_IV
457,Y,V,0.6055,0.4333,-1.79,432,region_IV
457,Y,W,0.5133,0.1414,-0.4759,432,region_IV
457,Y,Y,0,0,0,432,region_IV
458,Y,C,-0.2331,,-3.317,433,region_IV
458,Y,D,,,-3.386,433,region_IV
458,Y,E,,,-2.779,433,region_IV
458,Y,F,,0.3849,-2.604,433,region_IV
458,Y,G,,,-3.407,433,region_IV
458,Y,H,,,-3.107,433,region_IV
458,Y,K,,,-3.204,433,region_IV
458,Y,L,,,-3.209,433,region_IV
458,Y,M,,,-3.479,433,region_IV
458,Y,N,0.6363,0.2316,-2.738,433,region_IV
458,Y,R,1.051,,-3.186,433,region_IV
458,Y,S,,,-3.208,433,region_IV
458,Y,W,,,-3.151,433,region_IV
458,Y,Y,0,0,0,433,region_IV
459,V,A,0.04653,0.6571,-2.921,434,region_IV
459,V,C,1.402,-0.6747,-3.246,434,region_IV
459,V,D,-0.1225,-0.0413,-3.165,434,region_IV
459,V,E,-0.3486,,-3.202,434,region_IV
459,V,F,0.09298,-1.497,-3.225,434,region_IV
459,V,G,0.02435,-0.2271,-3.388,434,region_IV
459,V,H,-0.2804,0.449,-3.16,434,region_IV
459,V,I,-0.255,-0.449,-1.181,434,region_IV
459,V,K,,,-3.156,434,region_IV
459,V,L,-0.002557,-0.1679,-1.97,434,region_IV
459,V,M,-0.4952,-0.1888,-1.637,434,region_IV
459,V,N,-0.01961,-0.07861,-3.161,434,region_IV
459,V,P,-0.06654,-0.8588,-3.386,434,region_IV
459,V,Q,-0.01074,-0.6696,-3.164,434,region_IV
459,V,S,0.04506,0.1147,,434,region_IV
459,V,T,-0.1368,-0.1232,-3.274,434,region_IV
459,V,V,0,0,0,434,region_IV
459,V,W,-0.5537,,-3.17,434,region_IV
459,V,Y,-0.03916,-0.3824,-3.205,434,region_IV
460,N,A,-0.2074,-0.8754,-3.458,435,region_IV
460,N,C,0.5681,-0.07094,-2.971,435,region_IV
460,N,D,,,-2.711,435,region_IV
460,N,E,-0.02188,-0.1098,-1.33,435,region_IV
460,N,F,-0.3805,-0.6647,-2.271,435,region_IV
460,N,G,,-1.136,-3.428,435,region_IV
460,N,H,-0.4051,-0.3898,-2.37,435,region_IV
460,N,I,-0.06259,-0.3331,-2.985,435,region_IV
460,N,K,-0.00248,-0.1006,-3.474,435,region_IV
460,N,L,-0.06119,-0.5201,-2.175,435,region_IV
460,N,M,-0.1162,-1.362,-2.19,435,region_IV
460,N,N,0,0,0,435,region_IV
460,N,P,-0.0467,-0.2981,-3.429,435,region_IV
460,N,Q,0.04061,-0.6557,-2.692,435,region_IV
460,N,R,-0.2284,-1.591,-3.122,435,region_IV
460,N,S,0.1826,,-3.332,435,region_IV
460,N,T,-0.3575,,-3.394,435,region_IV
460,N,V,-0.1129,-0.1588,-3.022,435,region_IV
460,N,W,-0.3119,0.07904,-0.2533,435,region_IV
460,N,Y,,,-2.322,435,region_IV
461,K,A,-0.2395,,-0.4413,436,region_IV
461,K,C,-0.2935,0.1686,-0.9524,436,region_IV
461,K,D,,,-1.463,436,region_IV
461,K,E,-0.1889,0.01268,-2.611,436,region_IV
461,K,F,-0.1489,-0.8594,-2.034,436,region_IV
461,K,G,-0.2318,-0.01206,-3.43,436,region_IV
461,K,H,,,-2.679,436,region_IV
461,K,I,-0.1047,0.3109,-0.8964,436,region_IV
461,K,K,0,0,0,436,region_IV
461,K,L,-0.2605,-0.5849,-3.123,436,region_IV
461,K,M,-0.1027,0.5112,-2.361,436,region_IV
461,K,N,0.0943,0.2897,-3.062,436,region_IV
461,K,P,,,-1.363,436,region_IV
461,K,Q,,,-1.222,436,region_IV
461,K,R,-0.1954,-0.1778,-1.911,436,region_IV
461,K,S,-0.1547,0.3566,-0.4884,436,region_IV
461,K,T,-0.2702,-0.3091,-1.454,436,region_IV
461,K,V,-0.2863,-0.1156,-0.5232,436,region_IV
461,K,W,-0.2395,-0.9777,-2.744,436,region_IV
461,K,Y,-0.1761,-0.3934,-1.709,436,region_IV
462,Q,A,0.2489,-0.01705,0.1004,437,region_IV
462,Q,C,-0.02475,-0.008351,-1.608,437,region_IV
462,Q,D,0.4431,0.4785,-0.1132,437,region_IV
462,Q,E,0.09136,0.3648,1.308,437,region_IV
462,Q,F,0.1525,0.3718,0.1622,437,region_IV
462,Q,G,0.3327,-0.2598,0.7434,437,region_IV
462,Q,H,0.2682,0.2421,0.0191,437,region_IV
462,Q,I,0.1317,0.263,-0.2202,437,region_IV
462,Q,K,-0.2428,0.0463,-0.9012,437,region_IV
462,Q,M,-0.01454,0.4073,0.3421,437,region_IV
462,Q,N,0.07638,0.1343,0.6515,437,region_IV
462,Q,P,,,-1.863,437,region_IV
462,Q,Q,0,0,0,437,region_IV
462,Q,R,,,-1.449,437,region_IV
462,Q,S,,,-3.223,437,region_IV
462,Q,T,,,-3.487,437,region_IV
462,Q,W,,,-0.04693,437,region_IV
462,Q,Y,0.3064,-0.04468,-0.04325,437,region_IV
463,E,A,-0.8355,-0.6114,-0.6925,438,region_IV
463,E,C,0.1899,0.6034,0.2214,438,region_IV
463,E,D,-0.06194,0.04092,-0.1153,438,region_IV
463,E,E,0,0,0,438,region_IV
463,E,F,0.1334,-0.1497,-1.002,438,region_IV
463,E,G,0.1753,0.1492,-1.548,438,region_IV
463,E,H,-0.04415,-0.3901,-0.9195,438,region_IV
463,E,I,0.02645,-1.121,-0.8679,438,region_IV
463,E,K,-0.1635,-0.6645,-3.13,438,region_IV
463,E,L,-0.01421,-0.6343,-1.491,438,region_IV
463,E,M,,,-0.9627,438,region_IV
463,E,N,-0.0359,-0.2571,-0.5627,438,region_IV
463,E,P,0.002314,-0.2358,-0.6963,438,region_IV
463,E,Q,-0.03181,-0.6353,-0.6798,438,region_IV
463,E,R,,,-1.898,438,region_IV
463,E,S,-0.06483,,-1.199,438,region_IV
463,E,T,,,-0.7224,438,region_IV
463,E,V,-0.03152,-0.529,-0.6805,438,region_IV
463,E,W,0.07743,-0.1408,-0.9609,438,region_IV
463,E,Y,-0.05906,-0.005987,-1.018,438,region_IV
464,G,A,0.9638,0.07845,-3.034,439,region_IV
464,G,C,-0.3194,-0.6166,-3.099,439,region_IV
464,G,D,-0.0738,-0.6299,-3.326,439,region_IV
464,G,E,-0.2816,-0.2613,-3.506,439,region_IV
464,G,F,0.2204,-0.05652,-3.261,439,region_IV
464,G,G,0,0,0,439,region_IV
464,G,H,0.08756,-0.5841,-3.338,439,region_IV
464,G,I,-0.01518,-0.4115,-3.424,439,region_IV
464,G,K,,0.05973,-3.301,439,region_IV
464,G,L,,-0.1626,-2.958,439,region_IV
464,G,M,-0.06199,-0.1981,-3.104,439,region_IV
464,G,N,,,-3.342,439,region_IV
464,G,P,0.6224,-0.1345,-3.21,439,region_IV
464,G,Q,0.1478,-0.6792,-3.352,439,region_IV
464,G,R,0.2816,0.1595,-3.277,439,region_IV
464,G,S,0.03119,0.5607,-3.295,439,region_IV
464,G,T,-0.3107,,-3.262,439,region_IV
464,G,V,-0.1788,-0.09858,-3.431,439,region_IV
464,G,W,0.02115,-0.7157,-3.497,439,region_IV
464,G,Y,-0.3281,-0.3541,-3.41,439,region_IV
465,K,A,0.07136,-0.2178,0.3154,440,region_IV
465,K,C,-0.02742,0.3207,-2.25,440,region_IV
465,K,D,0.2378,0.3456,-0.7373,440,region_IV
465,K,E,0.9193,0.3228,-0.3936,440,region_IV
465,K,F,0.2129,0.3921,-0.05805,440,region_IV
465,K,G,0.1931,0.02426,-0.2937,440,region_IV
465,K,H,-0.1082,0.3756,-0.07314,440,region_IV
465,K,I,-0.106,-0.01118,-1.361,440,region_IV
465,K,K,0,0,0,440,region_IV
465,K,L,0.2469,0.5456,-1.417,440,region_IV
465,K,M,0.2499,0.3896,0.1102,440,region_IV
465,K,N,0.01334,-0.001998,-0.1454,440,region_IV
465,K,Q,0.08567,0.4943,0.5133,440,region_IV
465,K,R,-0.1769,-0.12,-0.7152,440,region_IV
465,K,S,0.09485,0.1998,0.1312,440,region_IV
465,K,T,0.2135,0.3003,-0.02816,440,region_IV
465,K,V,0.05335,0.3812,-0.6367,440,region_IV
465,K,W,0.09064,0.172,0.3679,440,region_IV
465,K,Y,0.2259,0.1209,-0.2324,440,region_IV
466,S,A,0.02004,0.0305,0.4974,441,region_IV
466,S,D,0.1337,0.7063,-2.197,441,region_IV
466,S,E,,1.28,-1.223,441,region_IV
466,S,F,-0.2077,-0.3259,-1.411,441,region_IV
466,S,G,0.02556,,-1.278,441,region_IV
466,S,H,-0.02333,-0.4009,-0.3742,441,region_IV
466,S,I,-0.1129,-0.3491,-0.4202,441,region_IV
466,S,K,-0.2867,-0.02472,-2.829,441,region_IV
466,S,L,0.5208,-0.4336,-2.541,441,region_IV
466,S,M,-0.2567,-0.5853,-0.7327,441,region_IV
466,S,N,0.04856,0.2835,0.2807,441,region_IV
466,S,P,-0.127,-0.08548,-0.4999,441,region_IV
466,S,Q,0.04389,0.06252,0.2226,441,region_IV
466,S,R,-0.2384,-1.075,-3.237,441,region_IV
466,S,S,0,0,0,441,region_IV
466,S,T,-0.2724,-0.3458,-1.18,441,region_IV
466,S,V,-0.09297,0.2542,0.4066,441,region_IV
466,S,W,-0.2298,0.6739,-1.407,441,region_IV
466,S,Y,-0.1931,0.8142,-1.752,441,region_IV
467,L,C,-0.07187,0.7092,-0.4604,442,region_IV
467,L,D,-0.5088,0.09449,-0.9031,442,region_IV
467,L,E,0.2337,0.2247,-0.2631,442,region_IV
467,L,G,-0.2889,,-2.48,442,region_IV
467,L,K,0.01094,-0.5981,-1.009,442,region_IV
467,L,L,0,0,0,442,region_IV
467,L,M,0.02075,-0.1871,-0.1148,442,region_IV
467,L,P,0.1567,-0.02004,-3.096,442,region_IV
467,L,Q,0.2465,-0.1513,-0.5152,442,region_IV
467,L,R,,,-2.46,442,region_IV
467,L,S,-0.28,-0.3211,-0.7875,442,region_IV
467,L,T,0.005549,0.275,-0.7773,442,region_IV
467,L,V,0.01573,-0.07098,-0.4432,442,region_IV
467,L,W,0.0483,0.04642,0.08872,442,region_IV
467,L,Y,0.2306,0.09077,-0.4627,442,region_IV
468,Y,A,,-1.013,-3.106,443,region_IV
468,Y,C,-0.2616,,-3.152,443,region_IV
468,Y,D,-0.05251,,-3.102,443,region_IV
468,Y,E,-0.1033,0.02238,-3.282,443,region_IV
468,Y,F,-0.3665,-0.3876,-0.2876,443,region_IV
468,Y,G,,,-3.117,443,region_IV
468,Y,H,-0.02061,-0.2414,-3.261,443,region_IV
468,Y,I,-0.09009,-0.7515,-1.651,443,region_IV
468,Y,K,0.002194,-0.01096,-2.128,443,region_IV
468,Y,L,-0.02478,-0.5058,-2.433,443,region_IV
468,Y,M,0.1633,-0.6883,-1.555,443,region_IV
468,Y,N,,,-3.212,443,region_IV
468,Y,P,-0.4211,-0.0892,-3.04,443,region_IV
468,Y,R,,,-3.141,443,region_IV
468,Y,S,-0.2611,-0.7102,-3.249,443,region_IV
468,Y,T,-0.1238,-0.9769,-3.22,443,region_IV
468,Y,V,-0.04799,0.3599,-1.23,443,region_IV
468,Y,W,-0.1141,-1.088,-2.45,443,region_IV
468,Y,Y,0,0,0,443,region_IV
469,V,A,0.516,-0.1252,-1.583,444,region_IV
469,V,C,-0.06817,-0.04898,-2.003,444,region_IV
469,V,D,0.4287,-0.07737,-3.02,444,region_IV
469,V,E,-0.2039,0.6664,-2.036,444,region_IV
469,V,F,0.3779,0.1577,-1.12,444,region_IV
469,V,G,0.2264,0.03762,-2.895,444,region_IV
469,V,H,0.01005,0.2844,-0.6065,444,region_IV
469,V,I,-0.00261,0.1832,-0.1605,444,region_IV
469,V,K,0.4992,-0.03101,-1.82,444,region_IV
469,V,L,0.1459,-0.1669,-0.9996,444,region_IV
469,V,M,-0.1594,-0.1508,-1.114,444,region_IV
469,V,N,0.3703,0.2074,-0.7177,444,region_IV
469,V,P,,,-3.062,444,region_IV
469,V,Q,0.1202,-0.1695,-1.106,444,region_IV
469,V,R,,,-1.096,444,region_IV
469,V,S,0.8563,-0.1056,-2.353,444,region_IV
469,V,T,,-0.2666,-1.661,444,region_IV
469,V,V,0,0,0,444,region_IV
469,V,W,,,-1.455,444,region_IV
469,V,Y,0.5446,,-0.2841,444,region_IV
470,K,A,0.2321,-0.3065,-0.5335,445,region_IV
470,K,C,0.5333,,-1.45,445,region_IV
470,K,D,0.2346,1.699,-0.03007,445,region_IV
470,K,E,0.4267,2.366,-0.06255,445,region_IV
470,K,F,-0.1376,,-1.287,445,region_IV
470,K,G,-0.4436,0.7712,-0.5408,445,region_IV
470,K,H,,-0.06363,0.09363,445,region_IV
470,K,I,0.01009,0.3649,1.077,445,region_IV
470,K,K,0,0,0,445,region_IV
470,K,L,0.08334,0.6888,-0.3884,445,region_IV
470,K,M,0.1569,1.036,0.5671,445,region_IV
470,K,N,0.03951,0.8619,0.3141,445,region_IV
470,K,P,0.769,0.6358,-0.7984,445,region_IV
470,K,Q,-0.00187,0.1267,-0.752,445,region_IV
470,K,R,0.08889,0.08344,-0.04625,445,region_IV
470,K,S,0.3205,0.5266,0.2248,445,region_IV
470,K,T,0.1269,1.262,-0.05733,445,region_IV
470,K,V,0.238,1.205,-0.03594,445,region_IV
470,K,W,0.109,0.8761,-0.8792,445,region_IV
470,K,Y,0.1873,0.0516,-0.08175,445,region_IV
471,G,A,0.1177,0.3859,-1.003,446,region_IV
471,G,C,-0.05553,-0.1811,-3.207,446,region_IV
471,G,D,-0.1322,-0.08874,-3.242,446,region_IV
471,G,E,-0.4943,0.0001014,-3.265,446,region_IV
471,G,F,-0.06853,-0.2143,-3.347,446,region_IV
471,G,G,0,0,0,446,region_IV
471,G,H,-0.3456,0.07329,-3.412,446,region_IV
471,G,I,-0.06449,,-3.075,446,region_IV
471,G,K,-0.2705,-0.1964,-2.933,446,region_IV
471,G,L,-0.4237,,-3.232,446,region_IV
471,G,M,,,-3.283,446,region_IV
471,G,N,-0.1339,0.3044,-3.219,446,region_IV
471,G,P,-0.2866,-0.5559,-3.212,446,region_IV
471,G,Q,0.04451,-0.1944,-2.478,446,region_IV
471,G,R,-0.218,-0.3428,-3.246,446,region_IV
471,G,S,0.2089,-0.02012,-0.8506,446,region_IV
471,G,T,0.06657,-0.4036,-3.35,446,region_IV
471,G,V,-0.2512,-0.6826,-3.338,446,region_IV
471,G,W,,,-2.529,446,region_IV
471,G,Y,-0.02876,-0.5586,-3.279,446,region_IV
472,E,A,0.06846,-0.1752,-0.8897,447,none
472,E,C,0.007526,-0.5221,-1.333,447,none
472,E,D,-0.01848,-0.2922,-0.03654,447,none
472,E,E,0,0,0,447,none
472,E,F,-0.1565,-0.1505,-0.2932,447,none
472,E,G,0.006463,-0.08108,-1.375,447,none
472,E,H,-0.276,-0.253,-0.6287,447,none
472,E,I,-0.4034,-0.4777,-0.983,447,none
472,E,K,0.12,-0.1824,-0.9149,447,none
472,E,L,0.02251,-0.1184,-0.5313,447,none
472,E,M,-0.26,-0.2029,0.3192,447,none
472,E,N,0.1605,-0.7235,-0.126,447,none
472,E,P,0.2937,-0.1264,-1.623,447,none
472,E,Q,-0.03015,-0.2812,0.08833,447,none
472,E,R,-0.1722,-0.5964,-1.762,447,none
472,E,S,0.01261,-0.634,-0.4463,447,none
472,E,T,-0.3967,0.1268,-0.8307,447,none
472,E,V,0.07418,-0.0212,-0.2094,447,none
472,E,W,-0.3362,-0.4724,-1.515,447,none
472,E,Y,-0.2562,-0.0182,-0.417,447,none
473,P,A,0.3376,0.0749,-0.7748,448,none
473,P,C,-0.06532,-0.2101,-3.175,448,none
473,P,D,-0.176,-1.202,-3.359,448,none
473,P,E,0.1546,0.1315,-1.574,448,none
473,P,F,-0.2612,-0.004484,-3.502,448,none
473,P,G,,,-3.214,448,none
473,P,H,-0.2557,-0.433,-3.109,448,none
473,P,I,-0.079,-0.1862,-3.49,448,none
473,P,K,-0.1729,,-3.153,448,none
473,P,L,-0.697,0.273,-3.446,448,none
473,P,M,,,-3.188,448,none
473,P,N,,,-2.957,448,none
473,P,P,0,0,0,448,none
473,P,Q,0.2782,-0.2808,-3.411,448,none
473,P,R,-0.05578,-0.4373,-3.125,448,none
473,P,S,-0.2875,-0.7926,-3.236,448,none
473,P,T,-0.106,-0.1914,-3.072,448,none
473,P,V,,,-3.252,448,none
473,P,W,-0.1359,-0.2045,-3.358,448,none
473,P,Y,0.251,-0.6691,-3.276,448,none
474,I,A,1.354,-0.4878,-3.415,449,none
474,I,C,-0.1014,-0.3209,-3.276,449,none
474,I,D,0.3762,-0.08163,-3.374,449,none
474,I,E,,-0.2073,-3.389,449,none
474,I,F,0.4276,-0.1202,-2.216,449,none
474,I,G,-0.06375,-0.09145,-3.466,449,none
474,I,H,0.02444,-0.3249,-2.877,449,none
474,I,I,0,0,0,449,none
474,I,K,0.01932,-0.7016,-3.331,449,none
474,I,L,-0.3234,-0.3087,-3.236,449,none
474,I,M,0.04901,-0.2945,-2.931,449,none
474,I,N,0.8309,-0.3576,-3.232,449,none
474,I,P,0.4529,-0.8562,-3.139,449,none
474,I,Q,-0.03236,,-3.466,449,none
474,I,R,,,-3.16,449,none
474,I,S,-0.04869,-1.226,-3.205,449,none
474,I,T,-0.189,-0.1983,-3.042,449,none
474,I,V,-0.01002,0.2542,-1.062,449,none
474,I,W,0.06703,,-3.343,449,none
474,I,Y,-0.04698,-0.4036,-3.276,449,none
475,I,A,-0.8168,-0.6575,-3.329,450,none
475,I,C,0.09657,,-3.216,450,none
475,I,D,-0.07844,0.2174,-3.255,450,none
475,I,E,0.01295,-0.05513,-3.238,450,none
475,I,F,-0.2668,-0.7878,-3.458,450,none
475,I,G,0.3165,-0.5017,-3.139,450,none
475,I,H,-0.1166,-0.3396,-3.028,450,none
475,I,I,0,0,0,450,none
475,I,L,,,-1.783,450,none
475,I,M,,,-3.289,450,none
475,I,N,-0.4237,-0.1767,-3.474,450,none
475,I,P,-0.01499,-0.2695,-3.26,450,none
475,I,Q,,,-2.985,450,none
475,I,R,,,-3.286,450,none
475,I,S,,-0.1642,-3.271,450,none
475,I,T,-0.1375,-0.4651,-3.23,450,none
475,I,V,-0.3047,-0.3598,-2.354,450,none
475,I,W,,,-3.346,450,none
475,I,Y,0.379,-0.1373,-3.327,450,none
476,N,A,0.0927,0.1568,-0.5511,451,none
476,N,C,-0.04131,-0.04405,-2.078,451,none
476,N,D,-0.03397,0.04815,-0.2565,451,none
476,N,E,0.1377,0.217,-0.7767,451,none
476,N,F,-0.01345,-0.5201,-0.566,451,none
476,N,G,0.04096,-0.05307,-0.3128,451,none
476,N,H,0.3835,0.07982,-0.0778,451,none
476,N,I,0.04383,0.1643,-0.8966,451,none
476,N,K,0.1088,0.04563,-0.4888,451,none
476,N,L,-0.2343,-0.01813,-1.335,451,none
476,N,M,0.1196,0.03534,-0.6543,451,none
476,N,N,0,0,0,451,none
476,N,P,,,-3.306,451,none
476,N,Q,0.05152,0.2271,-0.02802,451,none
476,N,R,-0.08428,,-0.1765,451,none
476,N,S,0.07718,0.08663,-0.2093,451,none
476,N,T,0.12,0.2627,-1.082,451,none
476,N,V,-0.04267,0.02164,-0.7415,451,none
476,N,W,-0.06279,-0.06543,-1.157,451,none
476,N,Y,0.03908,0.1571,-0.1719,451,none
477,F,A,-0.1186,-0.2131,-1.74,452,none
477,F,C,,,-1.938,452,none
477,F,D,,,-3.314,452,none
477,F,E,-0.361,-0.8665,-3.09,452,none
477,F,F,0,0,0,452,none
477,F,G,0.1994,-0.4816,-2.276,452,none
477,F,H,0.04309,0.1833,-0.7883,452,none
477,F,I,0.003451,0.02748,-1.567,452,none
477,F,K,-0.05874,-0.1588,-2.223,452,none
477,F,L,-0.01001,-0.1898,-1.17,452,none
477,F,M,0.06806,-0.1641,-1.414,452,none
477,F,N,-0.002542,0.1406,-1.459,452,none
477,F,P,-0.1869,-0.6576,-3.373,452,none
477,F,Q,,,-2.359,452,none
477,F,R,-0.05466,-0.4909,-2.723,452,none
477,F,S,-0.256,,-1.717,452,none
477,F,T,-0.182,,-2.78,452,none
477,F,V,-0.1174,-0.4821,-1.974,452,none
477,F,W,-0.01968,0.04838,-0.3502,452,none
477,F,Y,-0.1322,-0.01014,-0.2647,452,none
478,Y,A,,,-3.387,453,none
478,Y,C,,,-3.059,453,none
478,Y,D,0.5178,0.2941,-2.419,453,none
478,Y,E,0.4955,-0.7825,-3.417,453,none
478,Y,F,-0.1956,,-2.541,453,none
478,Y,G,-0.008979,0.3612,-3.298,453,none
478,Y,H,-0.1672,-1.378,-3.462,453,none
478,Y,I,,,-3.416,453,none
478,Y,K,-0.009307,0.08544,-3.341,453,none
478,Y,L,,,-3.451,453,none
478,Y,M,,,-3.445,453,none
478,Y,N,-0.1136,-0.2296,-3.34,453,none
478,Y,P,-0.07832,-0.105,-2.846,453,none
478,Y,Q,-0.01835,-0.2927,-3.465,453,none
478,Y,R,-0.09921,-0.5326,-3.224,453,none
478,Y,S,,,-3.269,453,none
478,Y,T,-0.0703,-0.07656,-2.875,453,none
478,Y,V,-0.1353,-0.02499,-3.401,453,none
478,Y,W,-0.2344,-0.2318,-3.171,453,none
478,Y,Y,0,0,0,453,none
479,D,A,,,-3.375,454,none
479,D,C,0.1511,-0.02069,-2.969,454,none
479,D,D,0,0,0,454,none
479,D,E,-0.1266,-0.05418,-1.383,454,none
479,D,F,-0.002593,,-3.22,454,none
479,D,G,0.7135,,-3.438,454,none
479,D,H,0.03752,-0.2692,-3.381,454,none
479,D,I,-0.09123,0.2486,-3.397,454,none
479,D,K,,,-1.841,454,none
479,D,L,-0.2469,,-3.264,454,none
479,D,N,0.009495,-0.03861,-0.8977,454,none
479,D,P,0.1929,-0.7407,-2.258,454,none
479,D,Q,0.1618,,-2.999,454,none
479,D,R,0.02592,-0.3189,-3.273,454,none
479,D,S,-0.04119,-0.9041,-1.513,454,none
479,D,T,,,-3.35,454,none
479,D,V,,-1.032,-3.465,454,none
479,D,W,0.1813,-0.8608,-3.247,454,none
479,D,Y,,-1.433,-3.34,454,none
480,P,A,0.1267,0.04701,-0.08491,455,none
480,P,C,0.2532,-0.6048,-3.071,455,none
480,P,D,,-0.136,-3.425,455,none
480,P,E,-0.7197,-0.9149,-3.268,455,none
480,P,F,0.0473,-1.182,-3.222,455,none
480,P,G,-0.371,,-3.38,455,none
480,P,H,0.07686,-0.499,-2.499,455,none
480,P,I,0.05185,0.08371,-1.384,455,none
480,P,K,0.2413,-0.03682,-1.393,455,none
480,P,L,0.009139,-0.6166,-2.868,455,none
480,P,M,-0.07844,-0.1429,-2.357,455,none
480,P,N,-0.1136,-0.07014,-3.005,455,none
480,P,P,0,0,0,455,none
480,P,Q,-0.0344,0.03917,-2.167,455,none
480,P,R,0.05586,-0.3304,-1.335,455,none
480,P,S,-0.04119,-0.5127,-1.868,455,none
480,P,T,-0.1163,-0.3343,-2.624,455,none
480,P,V,0.3051,0.07602,-0.5445,455,none
480,P,W,-0.03912,,-3.199,455,none
480,P,Y,-0.1632,-0.01411,-2.542,455,none
481,L,A,-0.1003,-0.02016,-0.0158,456,none
481,L,C,0.1369,-0.2956,-1.059,456,none
481,L,D,0.09398,0.06782,0.1653,456,none
481,L,E,-0.1765,-0.4654,-0.3963,456,none
481,L,F,-0.1966,0.0423,0.319,456,none
481,L,G,-0.003208,-0.1786,-0.05389,456,none
481,L,H,-0.3646,-0.2093,-0.6169,456,none
481,L,I,-0.1144,-0.06992,-0.2833,456,none
481,L,K,,,-1.891,456,none
481,L,L,0,0,0,456,none
481,L,M,-0.2514,0.05131,0.254,456,none
481,L,N,-0.04889,-0.1224,-0.1759,456,none
481,L,P,0.06323,-0.3227,-1.763,456,none
481,L,Q,-0.03448,-0.2377,0.2674,456,none
481,L,R,-0.0007093,-0.005373,-0.4213,456,none
481,L,S,-0.01482,0.08928,0.9059,456,none
481,L,T,0.03146,0.3197,0.1244,456,none
481,L,V,0.03369,0.05542,0.2794,456,none
481,L,W,-0.08952,-0.0982,0.5213,456,none
481,L,Y,0.03402,-0.01833,0.4981,456,none
482,V,A,0.5347,-0.1857,-3.312,457,none
482,V,C,0.0418,-0.05146,-1.843,457,none
482,V,D,,,-3.389,457,none
482,V,E,,,-3.055,457,none
482,V,F,-0.03777,0.002999,0.4263,457,none
482,V,G,0.1112,,-3.32,457,none
482,V,H,-0.02826,-0.03477,0.0793,457,none
482,V,I,-0.1394,0.03434,-0.2955,457,none
482,V,L,0.344,-0.1798,-0.4727,457,none
482,V,M,-0.2238,-0.08956,0.09105,457,none
482,V,N,-0.1263,-0.347,-1.732,457,none
482,V,P,,,-3.154,457,none
482,V,Q,0.5329,0.1765,-2.806,457,none
482,V,R,0.3333,,-3.473,457,none
482,V,S,0.07015,-0.07367,-2.582,457,none
482,V,T,-0.3125,,-1.776,457,none
482,V,V,0,0,0,457,none
482,V,W,-0.08589,-0.3863,0.474,457,none
482,V,Y,0.4047,-0.2927,0.5834,457,none
483,F,A,,,-3.389,458,none
483,F,C,,-0.5398,-2.564,458,none
483,F,E,0.06638,-0.7302,-3.138,458,none
483,F,F,0,0,0,458,none
483,F,G,,,-3.14,458,none
483,F,I,,-0.279,-3.08,458,none
483,F,K,0.1283,-0.126,-3.373,458,none
483,F,L,0.3251,-0.2795,-3.487,458,none
483,F,M,-0.3452,-0.01556,-3.278,458,none
483,F,P,,,-3.345,458,none
483,F,Q,,,-3.216,458,none
483,F,R,0.01638,-0.5577,-3.367,458,none
483,F,T,-0.08564,,-3.133,458,none
483,F,V,,,-3.196,458,none
483,F,Y,,,-0.1854,458,none
484,P,A,,,-3.328,459,none
484,P,C,-0.222,-1.033,-3.09,459,none
484,P,D,,,-3.448,459,none
484,P,E,,,-3.195,459,none
484,P,F,,-0.2101,-3.192,459,none
484,P,G,,,-3.361,459,none
484,P,H,-0.2386,-0.7592,-3.498,459,none
484,P,I,0.2743,-0.5677,-3.458,459,none
484,P,K,,,-3.392,459,none
484,P,L,-0.4153,0.1982,-3.308,459,none
484,P,M,-0.03149,,,459,none
484,P,N,,,-3.526,459,none
484,P,P,0,0,0,459,none
484,P,Q,-0.06039,,-3.208,459,none
484,P,R,-0.09053,,-3.2,459,none
484,P,S,-0.4879,-0.2291,-3.486,459,none
484,P,T,0.3368,-0.4171,-3.407,459,none
484,P,V,,,-3.45,459,none
484,P,W,0.0644,-1.237,-3.41,459,none
484,P,Y,,,-3.46,459,none
485,S,G,,-0.06146,0.9862,460,none
485,S,I,-0.01939,0.2126,-0.3138,460,none
485,S,N,-0.01251,-0.08716,-2.112,460,none
485,S,R,-0.03485,,-3.349,460,none
485,S,S,0,0,0,460,none
486,D,A,0.2649,0.5045,1.064,461,none
486,D,D,0,0,0,461,none
486,D,E,-0.2303,-0.8902,-3.413,461,none
486,D,F,-0.1935,-0.9607,-2.88,461,none
486,D,G,0.1778,0.6621,1.266,461,none
486,D,H,-0.2313,,-0.9336,461,none
486,D,L,-0.02017,-0.05522,0.1452,461,none
486,D,N,0.1833,-0.0629,0.05415,461,none
486,D,Q,-0.1298,,-1.302,461,none
486,D,R,0.0372,,-0.6416,461,none
486,D,S,0.2477,0.3748,0.3424,461,none
486,D,T,0.06377,0.3323,-0.7206,461,none
486,D,V,-0.09933,0.006418,-0.8748,461,none
486,D,Y,-0.09672,-0.4565,-3.203,461,none
487,E,A,0.4322,0.3739,-0.3456,462,none
487,E,C,0.2092,0.5001,-0.4646,462,none
487,E,D,0.226,0.1539,-2.328,462,none
487,E,E,0,0,0,462,none
487,E,F,0.6244,0.4685,-0.9767,462,none
487,E,G,0.4136,0.5715,0.03125,462,none
487,E,H,0.03654,-0.1402,-1.559,462,none
487,E,I,-0.2413,-0.1837,0.04616,462,none
487,E,K,0.2011,0.2027,-2.009,462,none
487,E,M,0.4877,0.1,-0.8401,462,none
487,E,N,0.2974,-0.4826,-2.147,462,none
487,E,P,0.0693,0.08822,-2.853,462,none
487,E,Q,0.2842,-0.1838,-0.044,462,none
487,E,R,0.2733,-0.3982,-1.839,462,none
487,E,S,0.4623,0.2478,-0.3457,462,none
487,E,T,0.3484,0.375,-0.1572,462,none
487,E,V,,-0.5538,-1.127,462,none
487,E,W,0.4508,,-1.319,462,none
487,E,Y,0.01702,-0.07958,0.4568,462,none
488,F,A,0.1569,-0.6745,-3.497,463,none
488,F,C,-0.2583,-0.1509,-3.222,463,none
488,F,D,-0.01656,-0.198,-3.434,463,none
488,F,E,-1.291,-0.4931,-3.167,463,none
488,F,F,0,0,0,463,none
488,F,G,-0.079,-0.5567,-3.128,463,none
488,F,H,-0.8724,-0.7751,-1.601,463,none
488,F,I,-0.2662,-0.5943,-1.657,463,none
488,F,K,0.2183,-0.1244,-1.323,463,none
488,F,L,-0.7283,-0.02498,-1.441,463,none
488,F,M,-0.2003,-0.05807,-1.263,463,none
488,F,N,-0.0753,-1.143,-3.042,463,none
488,F,P,-0.07768,-1.606,-3.258,463,none
488,F,Q,0.04368,0.02047,-0.8093,463,none
488,F,R,-0.2876,-0.1238,-1.339,463,none
488,F,S,-0.1479,-0.6035,-3.023,463,none
488,F,T,-0.2186,-0.7103,-2.76,463,none
488,F,V,-0.3363,0.3627,-3.104,463,none
488,F,W,0.08892,0.2394,-1.198,463,none
488,F,Y,0.4211,-0.8594,-1.771,463,none
489,D,A,-0.1494,-0.1194,-2.634,464,none
489,D,C,-0.265,-0.6086,-2.898,464,none
489,D,D,0,0,0,464,none
489,D,E,0.4092,-0.9399,-3.413,464,none
489,D,F,-0.2973,-0.04717,-1.797,464,none
489,D,G,-0.4972,,-2.864,464,none
489,D,H,-0.325,-0.7272,-1.876,464,none
489,D,I,0.06853,-0.807,-3.112,464,none
489,D,K,,-0.1753,-2.917,464,none
489,D,L,-0.4479,-0.8256,-3.065,464,none
489,D,M,-0.3107,-0.4899,-2.883,464,none
489,D,N,-0.1967,-0.5971,-3.508,464,none
489,D,P,-0.5165,0.02834,-1.135,464,none
489,D,Q,-0.173,-0.479,-1.67,464,none
489,D,R,-0.04653,-0.1472,-2.904,464,none
489,D,S,0.1256,-0.004153,-3.106,464,none
489,D,T,-0.3913,-0.303,-2.283,464,none
489,D,V,-0.03656,-1.092,-2.713,464,none
489,D,W,-0.1355,-0.1942,-2.899,464,none
489,D,Y,-0.1789,-0.2154,-2.079,464,none
490,A,A,0,0,0,465,none
490,A,C,-0.306,-0.3387,-0.102,465,none
490,A,D,-0.1046,-0.6914,-3.235,465,none
490,A,E,,,-3.194,465,none
490,A,F,0.2665,0.1704,-3.298,465,none
490,A,G,-0.05782,,-0.6388,465,none
490,A,H,-0.5022,-0.2306,-3.236,465,none
490,A,I,,-1.094,-3.005,465,none
490,A,K,-0.2692,-1.079,-3.306,465,none
490,A,L,,,-3.403,465,none
490,A,M,-0.07672,-0.1402,-2.843,465,none
490,A,N,-0.1528,0.04031,-2.561,465,none
490,A,P,,,-3.29,465,none
490,A,Q,0.4159,-0.6334,-3.136,465,none
490,A,R,0.2608,,-3.383,465,none
490,A,S,0.5219,0.4233,0.07367,465,none
490,A,T,0.1609,0.1697,-1.327,465,none
490,A,V,-0.2884,-0.3762,-2.519,465,none
490,A,W,,,-3.327,465,none
490,A,Y,,,-3.127,465,none
491,S,A,0.02898,-0.5944,-3.384,466,none
491,S,C,0.4352,,-3.432,466,none
491,S,D,-0.3427,,-3.34,466,none
491,S,E,,,-3.499,466,none
491,S,F,0.489,-0.4912,-3.41,466,none
491,S,G,0.2971,-1.094,-3.205,466,none
491,S,H,-0.1287,-1.533,-3.252,466,none
491,S,I,,,-3.308,466,none
491,S,K,,,-3.395,466,none
491,S,L,,,-3.082,466,none
491,S,M,,,-3.367,466,none
491,S,N,-0.03709,0.03335,-3.459,466,none
491,S,P,-0.138,-0.7023,-3.353,466,none
491,S,R,-0.8445,,-3.309,466,none
491,S,S,0,0,0,466,none
491,S,T,,,-2.638,466,none
491,S,Y,-1.221,-0.8075,-3.51,466,none
492,I,A,-0.1486,,-3.163,467,none
492,I,C,0.09519,-0.1133,-2.895,467,none
492,I,D,,-0.1834,-3.367,467,none
492,I,E,0.08006,-0.9372,-3.457,467,none
492,I,F,-0.4399,,-3.115,467,none
492,I,H,0.001245,,-2.172,467,none
492,I,I,0,0,0,467,none
492,I,K,,,-3.405,467,none
492,I,L,-0.5147,-0.07351,-3.392,467,none
492,I,M,-0.03958,-0.06585,-2.478,467,none
492,I,N,,,-3.357,467,none
492,I,P,,,-3.402,467,none
492,I,Q,0.08732,-0.6503,-3.426,467,none
492,I,R,,-0.9001,-3.238,467,none
492,I,S,0.481,,-3.263,467,none
492,I,T,,,-3.256,467,none
492,I,V,-0.1156,-0.4656,-1.369,467,none
492,I,W,,,-3.249,467,none
492,I,Y,0.0137,,-3.453,467,none
493,S,A,-0.001457,0.2047,1.072,468,none
493,S,C,-0.1949,-0.3123,-0.7677,468,none
493,S,D,0.06548,0.2264,0.5092,468,none
493,S,E,-0.004566,0.1923,0.209,468,none
493,S,F,-0.1605,0.07939,-1.196,468,none
493,S,G,0.04383,0.2058,-1.263,468,none
493,S,H,-0.05649,-0.3902,-2.006,468,none
493,S,I,,,-1.519,468,none
493,S,K,0.0003979,-0.1617,-1.666,468,none
493,S,L,-0.06335,-0.06843,-0.6424,468,none
493,S,M,0.3214,-0.05158,-1.042,468,none
493,S,N,-0.06367,-0.3959,0.2223,468,none
493,S,P,0.06311,-0.3373,-3.304,468,none
493,S,Q,0.05524,0.02306,-0.2872,468,none
493,S,R,0.04115,-0.3482,-1.586,468,none
493,S,S,0,0,0,468,none
493,S,T,-0.4016,-1.025,-1.406,468,none
493,S,V,-0.3503,-0.9826,-1.331,468,none
493,S,Y,-0.1084,0.03332,-0.3066,468,none
494,Q,A,,,-2.832,469,none
494,Q,C,-0.2766,-0.8453,-3.119,469,none
494,Q,D,-0.2581,-1.039,-3.413,469,none
494,Q,E,0.01877,-0.6597,-1.993,469,none
494,Q,F,-0.181,-0.4599,-2.453,469,none
494,Q,G,,,-3.339,469,none
494,Q,H,-0.07906,-0.4828,-2.716,469,none
494,Q,I,-0.1794,-0.06398,-2.167,469,none
494,Q,K,-0.3752,-0.4456,-3.237,469,none
494,Q,M,-0.2522,-0.1111,-0.976,469,none
494,Q,N,0.05595,-0.4836,-3.248,469,none
494,Q,P,-0.07351,-0.7996,-3.512,469,none
494,Q,Q,0,0,0,469,none
494,Q,R,-0.4317,-0.1897,-2.737,469,none
494,Q,S,-0.09448,-0.2434,-0.3059,469,none
494,Q,T,-0.2505,-0.6167,-1.071,469,none
494,Q,V,,-0.4245,-0.5475,469,none
494,Q,W,,,-1.435,469,none
494,Q,Y,0.03039,-0.2733,-2.617,469,none
495,V,A,,,-3.369,470,none
495,V,C,0.4586,-0.4858,-2.975,470,none
495,V,D,,,-3.332,470,none
495,V,E,-0.438,-0.328,-3.379,470,none
495,V,F,,,-3.444,470,none
495,V,H,,,-3.425,470,none
495,V,I,-0.09222,-0.06336,0.00975,470,none
495,V,K,-0.3883,-0.6465,-3.043,470,none
495,V,L,0.261,-0.09563,-2.221,470,none
495,V,M,-0.3975,-1.132,-3.47,470,none
495,V,N,-0.07858,,-3.426,470,none
495,V,P,-0.1354,,-3.42,470,none
495,V,Q,,,-3.472,470,none
495,V,R,0.215,-0.8588,-3.134,470,none
495,V,S,,,-3.413,470,none
495,V,V,0,0,0,470,none
495,V,W,0.01499,-1.269,-3.473,470,none
495,V,Y,,,-3.122,470,none
496,N,A,0.2504,0.2866,-1.177,471,none
496,N,C,-0.2987,-0.9976,-2.223,471,none
496,N,E,0.4069,0.2076,0.2337,471,none
496,N,F,-0.03245,-0.1985,-1.351,471,none
496,N,G,,,-2.423,471,none
496,N,H,0.0835,,-0.7611,471,none
496,N,I,-0.1523,-1.342,-2.814,471,none
496,N,K,-0.003389,-0.926,-2.337,471,none
496,N,M,0.2977,-0.09731,-1.55,471,none
496,N,N,0,0,0,471,none
496,N,P,0.1002,,-3.365,471,none
496,N,Q,-0.001066,0.2266,-1.195,471,none
496,N,R,0.3956,0.01656,-1.927,471,none
496,N,S,-0.4485,-0.7113,-0.8403,471,none
496,N,T,-0.3595,-0.4491,-1.435,471,none
496,N,V,0.03896,,-2.777,471,none
496,N,W,-0.006082,0.2342,-0.4831,471,none
496,N,Y,0.04054,-0.04763,-0.3365,471,none
497,E,A,-0.138,-0.3175,-1.417,472,none
497,E,C,,,-2.976,472,none
497,E,D,0.08798,-0.3359,-0.9583,472,none
497,E,E,0,0,0,472,none
497,E,F,,,-1.969,472,none
497,E,G,-0.3085,-0.1952,-2.348,472,none
497,E,H,0.05964,0.0721,-0.7934,472,none
497,E,I,0.01005,0.09641,-1.817,472,none
497,E,K,-0.4513,-0.9883,-3.26,472,none
497,E,L,-0.006592,-0.3142,-2.22,472,none
497,E,M,-0.2112,-0.142,-2.159,472,none
497,E,N,-0.1559,-0.4642,-1.966,472,none
497,E,P,0.1514,,-3.368,472,none
497,E,Q,0.06423,0.034,-1.394,472,none
497,E,R,,,-3.056,472,none
497,E,S,-0.09997,-0.2248,-1.191,472,none
497,E,T,-0.303,,-1.824,472,none
497,E,V,0.1918,-0.1881,-1.914,472,none
497,E,W,-0.1861,-1.145,-1.728,472,none
497,E,Y,,0.07287,-0.9575,472,none
498,K,A,0.02193,1.057,-3.184,473,none
498,K,C,-0.4309,,-3.25,473,none
498,K,D,,,-3.321,473,none
498,K,E,0.1371,-1.169,-3.258,473,none
498,K,F,,,-2.446,473,none
498,K,G,0.1863,,-3.221,473,none
498,K,H,-0.1545,-0.8682,-3.297,473,none
498,K,I,-0.0576,-0.07106,-1.474,473,none
498,K,K,0,0,0,473,none
498,K,L,-0.3636,,-1.279,473,none
498,K,M,0.09143,-0.2303,-2.915,473,none
498,K,N,0.2999,-0.7058,-3.455,473,none
498,K,P,0.1646,0.4136,-3.484,473,none
498,K,R,-0.1809,-0.9078,-2.495,473,none
498,K,S,-0.5774,-1.313,-3.466,473,none
498,K,T,-0.2137,-0.1575,-3.466,473,none
498,K,V,,-0.7249,-3.353,473,none
498,K,W,0.09723,,-3.452,473,none
498,K,Y,,,-3.433,473,none
499,I,A,,-1.557,-3.075,474,none
499,I,C,,,-3.388,474,none
499,I,D,-0.1976,,-3.182,474,none
499,I,E,,,-3.184,474,none
499,I,F,-0.02719,,-3.473,474,none
499,I,G,,,-3.342,474,none
499,I,H,,,-3.309,474,none
499,I,I,0,0,0,474,none
499,I,K,,,-3.315,474,none
499,I,L,,,-3.135,474,none
499,I,M,-0.3212,-0.4353,-2.289,474,none
499,I,N,0.07327,,-3.438,474,none
499,I,P,0.05764,-1.22,-3.412,474,none
499,I,Q,,,-3.393,474,none
499,I,S,,,-3.442,474,none
499,I,T,0.6662,-0.5092,-3.478,474,none
499,I,V,-0.1377,-0.1433,-1.934,474,none
499,I,W,,,-3.479,474,none
499,I,Y,-0.07281,-1.377,-3.019,474,none
500,N,A,0.02667,-0.1079,-2.786,475,none
500,N,C,,-0.2503,-2.549,475,none
500,N,D,0.06879,0.2865,-3.213,475,none
500,N,E,-0.1898,-0.01963,-2.571,475,none
500,N,F,0.4389,-1.431,-3.323,475,none
500,N,G,,,-3.08,475,none
500,N,H,0.03431,0.1352,-3.145,475,none
500,N,I,0.2534,-0.1709,-3.394,475,none
500,N,K,-0.3581,-0.4898,-3.263,475,none
500,N,L,,,-2.936,475,none
500,N,M,0.07695,0.04336,-3.412,475,none
500,N,N,0,0,0,475,none
500,N,P,0.2514,-0.5714,-3.42,475,none
500,N,Q,0.4847,-0.5494,-2.648,475,none
500,N,R,,,-3.137,475,none
500,N,S,0.1518,-0.1525,-3.351,475,none
500,N,T,-0.04708,,-3.22,475,none
500,N,V,,,-3.111,475,none
500,N,W,-0.02101,-0.4218,-3.444,475,none
500,N,Y,-0.03356,,-3.191,475,none
501,Q,A,-0.08523,-0.211,-1.058,476,none
501,Q,C,-0.09936,-0.5375,-2.746,476,none
501,Q,D,0.4271,0.1136,-1.629,476,none
501,Q,E,0.05917,0.9557,-1.645,476,none
501,Q,F,-0.09943,,-0.1999,476,none
501,Q,G,,,-0.9857,476,none
501,Q,H,-0.2156,-0.2836,-0.7694,476,none
501,Q,I,,,-1.538,476,none
501,Q,K,0.3364,0.4321,-1.452,476,none
501,Q,L,-0.01869,-0.02797,-1.165,476,none
501,Q,M,0.1242,0.04256,-0.0724,476,none
501,Q,N,-0.07941,-0.3963,-0.7772,476,none
501,Q,P,0.4541,,-3.449,476,none
501,Q,Q,0,0,0,476,none
501,Q,R,-0.21,0.3186,-0.1577,476,none
501,Q,S,-0.6875,-0.319,-1.543,476,none
501,Q,T,-0.1319,0.1912,-0.9638,476,none
501,Q,V,0.03496,-0.1515,-1.015,476,none
501,Q,W,0.2337,0.1671,0.01829,476,none
501,Q,Y,0.3326,0.09963,-0.7561,476,none
502,S,A,0.04903,0.2027,-3.032,477,none
502,S,C,-0.4828,,-3.369,477,none
502,S,D,,,-3.446,477,none
502,S,E,-0.1907,,-3.491,477,none
502,S,F,0.04924,,-3.399,477,none
502,S,G,,,-3.428,477,none
502,S,H,-0.2118,-0.1305,-3.143,477,none
502,S,I,0.1399,-0.7411,-3.41,477,none
502,S,K,0.1635,0.006649,-3.322,477,none
502,S,L,-0.1184,,-3.169,477,none
502,S,M,,,-2.819,477,none
502,S,N,0.03492,0.06426,-3.257,477,none
502,S,P,-0.01568,,-3.443,477,none
502,S,Q,,,-2.975,477,none
502,S,R,-0.1102,-1.011,-3.223,477,none
502,S,S,0,0,0,477,none
502,S,T,0.1772,-0.0463,0.7556,477,none
502,S,V,-0.07801,-0.1532,-3.26,477,none
502,S,W,-0.3018,,-3.25,477,none
502,S,Y,-0.1867,-0.7697,-3.277,477,none
503,L,A,,,-3.142,478,none
503,L,C,,,-3.115,478,none
503,L,D,,,-3.43,478,none
503,L,E,0.08274,0.6195,-3.173,478,none
503,L,F,,-0.5556,-3.325,478,none
503,L,G,-0.03866,0.09227,-3.365,478,none
503,L,H,0.1388,-0.7092,-3.071,478,none
503,L,I,-0.002591,0.3212,-0.5761,478,none
503,L,K,-0.1034,-0.09002,-2.822,478,none
503,L,L,0,0,0,478,none
503,L,M,-0.1034,0.1445,-1.673,478,none
503,L,N,0.1768,-0.08094,-2.699,478,none
503,L,P,-0.1187,-0.7111,-3.427,478,none
503,L,Q,-0.01242,-0.04385,-3.016,478,none
503,L,R,0.01529,-0.3293,-2.357,478,none
503,L,S,,,-3.408,478,none
503,L,T,,,-2.992,478,none
503,L,V,0.2007,-0.1996,-1.118,478,none
503,L,W,-0.1592,-0.487,-1.251,478,none
503,L,Y,-0.01893,-0.7313,-0.8188,478,none
504,A,A,0,0,0,479,none
504,A,C,0.3174,-0.1691,-3.18,479,none
504,A,D,-0.1883,-0.5377,-1.062,479,none
504,A,E,0.03835,-0.1032,-0.4678,479,none
504,A,F,-0.2282,-0.2272,-0.3949,479,none
504,A,G,-0.1347,0.2849,-1.067,479,none
504,A,H,-0.02516,0.01494,-0.9565,479,none
504,A,I,0.0068,-0.01176,-1.224,479,none
504,A,K,-0.08655,0.002808,-0.5448,479,none
504,A,L,-0.2203,-0.109,-1.743,479,none
504,A,M,0.03472,-0.03515,0.3804,479,none
504,A,N,,,-2.162,479,none
504,A,P,,,-3.007,479,none
504,A,Q,0.02782,0.9128,0.2079,479,none
504,A,R,0.01842,-0.1707,-1.295,479,none
504,A,S,-0.07839,-0.2652,0.1351,479,none
504,A,T,-0.2044,0.1528,-0.3169,479,none
504,A,V,0.0003396,-0.5212,-1.427,479,none
504,A,W,-0.01462,0.0036,-2.56,479,none
504,A,Y,-0.3438,-0.25,-0.8558,479,none
505,F,A,-0.03894,0.04167,-1.562,480,none
505,F,C,-0.2336,-0.3493,-3.261,480,none
505,F,D,0.1041,-0.1049,-2.409,480,none
505,F,E,0.04223,-0.2208,-1.996,480,none
505,F,F,0,0,0,480,none
505,F,G,0.2244,0.1293,-2.607,480,none
505,F,H,-0.1576,-0.5095,-1.107,480,none
505,F,K,-0.3842,,-3.41,480,none
505,F,L,-0.001334,0.521,-1.731,480,none
505,F,M,-0.02426,0.2916,-0.503,480,none
505,F,N,0.107,0.1913,-0.8957,480,none
505,F,P,0.3803,-1.033,-3.318,480,none
505,F,Q,-0.003642,-0.07431,-0.9749,480,none
505,F,R,0.3088,0.08377,-2.385,480,none
505,F,S,-0.1118,-0.1315,-0.7343,480,none
505,F,T,0.08418,0.4305,-1.531,480,none
505,F,V,0.09769,-0.1995,-1.442,480,none
505,F,W,0.2449,0.4564,0.9085,480,none
505,F,Y,-0.2128,-0.3437,-1.254,480,none
506,I,A,-0.4452,-0.2179,-1.5,481,none
506,I,C,-0.03248,0.04178,-3.474,481,none
506,I,D,0.6139,,-2.63,481,none
506,I,E,0.1709,-0.08445,-2.365,481,none
506,I,F,0.0898,-0.7237,-1.823,481,none
506,I,G,,-0.5252,-3.155,481,none
506,I,H,-0.05546,-0.3191,-2.188,481,none
506,I,I,0,0,0,481,none
506,I,K,,,-3.12,481,none
506,I,L,-0.1151,-0.1037,-0.4019,481,none
506,I,M,0.1491,0.09163,-0.5155,481,none
506,I,N,0.4022,0.5113,-1.598,481,none
506,I,P,0.1951,-1.33,-2.994,481,none
506,I,Q,-0.06057,,-1.627,481,none
506,I,R,,,-2.173,481,none
506,I,S,0.8092,-0.1084,-2.503,481,none
506,I,T,0.1608,-0.9549,-2.483,481,none
506,I,V,-0.3067,-0.5079,-0.5816,481,none
506,I,W,,-0.2794,-1.496,481,none
506,I,Y,-0.06845,,-0.809,481,none
507,R,C,-0.05231,,-3.253,482,none
507,R,D,,,-3.213,482,none
507,R,E,-0.04541,-0.2455,-2.322,482,none
507,R,F,0.1364,0.01605,-0.9462,482,none
507,R,G,0.03863,-0.1,-2.697,482,none
507,R,H,-0.1862,-0.1404,0.0946,482,none
507,R,I,0.1069,-0.1109,-1.413,482,none
507,R,K,-0.2402,0.02023,0.215,482,none
507,R,L,-0.5107,-0.01964,0.5375,482,none
507,R,M,-0.01831,-0.1904,0.253,482,none
507,R,N,0.108,-0.0905,-1.145,482,none
507,R,P,,,-3.471,482,none
507,R,Q,-0.2276,0.09948,0.2532,482,none
507,R,R,0,0,0,482,none
507,R,S,-0.03953,0.1276,-0.7453,482,none
507,R,T,-0.06314,-0.2244,-1.041,482,none
507,R,V,0.08971,0.1258,-1.93,482,none
507,R,W,-0.0404,-0.03531,-0.356,482,none
507,R,Y,0.3694,-0.02763,0.04532,482,none
508,K,A,0.08765,-0.4707,-1.519,483,none
508,K,C,0.01624,-0.283,-3.41,483,none
508,K,D,,,-3.259,483,none
508,K,E,-0.0251,,-2.532,483,none
508,K,F,-0.1052,-0.1926,-0.4869,483,none
508,K,G,0.05345,-1.008,-2.865,483,none
508,K,H,0.006565,-0.2837,-1.956,483,none
508,K,I,-0.07397,,-1.669,483,none
508,K,K,0,0,0,483,none
508,K,L,-0.1965,,-1.178,483,none
508,K,M,-0.2396,-0.6642,-2.455,483,none
508,K,N,-0.003521,-0.396,-0.4404,483,none
508,K,P,-0.04689,,-3.441,483,none
508,K,Q,-0.08775,-0.08493,-0.9624,483,none
508,K,S,-0.0564,-0.2145,-1.289,483,none
508,K,T,,,-0.1726,483,none
508,K,V,-0.4698,-0.2636,-1.512,483,none
508,K,W,-0.199,-0.1486,-0.04805,483,none
508,K,Y,-0.1121,-0.1171,-1.542,483,none
509,S,A,0.2798,0.02585,-1.028,484,none
509,S,C,-0.2506,-0.1095,-2.479,484,none
509,S,D,-0.08497,0.1595,-2.837,484,none
509,S,E,-0.01573,-0.8185,-2.855,484,none
509,S,F,-0.02495,0.08023,0.4625,484,none
509,S,G,-0.1668,0.03717,-0.6593,484,none
509,S,I,-0.558,0.05545,-2,484,none
509,S,K,1.207,-0.4716,-3.141,484,none
509,S,L,-0.1357,,-2.891,484,none
509,S,M,0.04278,-0.6049,-1.756,484,none
509,S,N,-0.2378,-0.02014,0.102,484,none
509,S,P,,,-3.333,484,none
509,S,Q,0.1348,-0.06029,-0.02488,484,none
509,S,R,-0.946,-0.5975,-2.821,484,none
509,S,S,0,0,0,484,none
509,S,T,0.2539,0.3171,0.3648,484,none
509,S,V,0.1804,0.02357,-1.554,484,none
509,S,W,-0.06619,-0.2232,-0.5512,484,none
509,S,Y,-0.129,-0.1151,0.765,484,none
510,D,A,0.06744,0.05275,-0.2832,485,none
510,D,C,-0.138,-0.3275,-3.311,485,none
510,D,D,0,0,0,485,none
510,D,E,-0.1493,0.03238,0.0298,485,none
510,D,F,,,-3.31,485,none
510,D,G,-0.0339,-0.7018,-3.136,485,none
510,D,H,,,-2.074,485,none
510,D,I,0.06299,-0.2492,-2.902,485,none
510,D,K,,-0.05013,-2.684,485,none
510,D,L,-0.0149,-0.04697,-2.05,485,none
510,D,M,-0.1695,,-2.581,485,none
510,D,N,-0.3497,-0.06968,-1.123,485,none
510,D,P,,,-3.228,485,none
510,D,Q,-0.05949,0.1386,-1.456,485,none
510,D,R,0.07973,-0.5819,-3.277,485,none
510,D,S,0.04888,-0.176,-1.992,485,none
510,D,T,0.1182,0.2461,-1.547,485,none
510,D,V,-0.01332,-0.2902,-2.03,485,none
510,D,W,-0.239,-1.251,-2.938,485,none
510,D,Y,0.0799,-0.4054,-3.016,485,none
511,E,A,0.4528,0.274,-1.265,486,none
511,E,C,,,-3.364,486,none
511,E,D,0.03155,-0.3863,-0.6412,486,none
511,E,E,0,0,0,486,none
511,E,F,0.0219,-0.5532,-1.858,486,none
511,E,G,0.07974,-0.677,-3.276,486,none
511,E,H,-0.1649,-0.775,-3.285,486,none
511,E,I,-0.3983,-0.3673,-2.433,486,none
511,E,K,-0.02634,-1.068,-3.244,486,none
511,E,L,0.04556,-0.09039,-1.071,486,none
511,E,M,-0.01814,0.003788,-0.3992,486,none
511,E,N,,,-2.27,486,none
511,E,P,,,-3.354,486,none
511,E,Q,,,-1.011,486,none
511,E,R,-0.1186,-1.366,-3.395,486,none
511,E,S,0.01967,0.09783,-0.4671,486,none
511,E,T,0.03959,-0.08861,-2.374,486,none
511,E,V,,-0.9426,-1.509,486,none
511,E,W,-0.1781,-0.06301,-0.4478,486,none
511,E,Y,-0.04306,-0.8074,-0.2805,486,none
512,L,A,,,-3.475,487,none
512,L,C,0.2032,-0.0531,-3.013,487,none
512,L,D,,,-3.463,487,none
512,L,E,,,-3.126,487,none
512,L,F,-0.1338,-0.03525,-0.5123,487,none
512,L,G,,-0.3065,-3.301,487,none
512,L,H,0.5456,,-3.415,487,none
512,L,I,0.2492,0.0322,0.1775,487,none
512,L,K,-0.1302,-1.354,-3.41,487,none
512,L,L,0,0,0,487,none
512,L,M,-0.2827,0.001334,-1.107,487,none
512,L,N,-0.09911,,-3.421,487,none
512,L,P,-0.04507,-1.281,-3.393,487,none
512,L,Q,,-0.9704,-3.471,487,none
512,L,R,-0.5465,,-3.396,487,none
512,L,S,,,-3.321,487,none
512,L,T,,,-3.31,487,none
512,L,V,0.2251,0.2739,-2.309,487,none
512,L,W,0.1466,0.01723,-1.558,487,none
512,L,Y,-0.08432,-0.6816,-3.282,487,none
513,L,A,-0.02781,-0.6151,-1.564,488,none
513,L,C,-0.2242,-0.9408,-3.438,488,none
513,L,D,-0.3057,-0.1362,-3.021,488,none
513,L,E,-0.2129,-0.07364,-0.8282,488,none
513,L,F,0.01456,-0.01922,0.1878,488,none
513,L,G,-0.1083,-1.35,-3.484,488,none
513,L,H,-0.132,-0.6197,-2.583,488,none
513,L,I,-0.142,-0.01764,-0.6923,488,none
513,L,K,0.02808,-0.1049,-2.492,488,none
513,L,L,0,0,0,488,none
513,L,M,0.05124,-0.1622,0.2147,488,none
513,L,N,-0.112,0.2237,-3.26,488,none
513,L,P,0.06074,-0.9694,-3.396,488,none
513,L,Q,-0.1729,-0.1407,-0.7867,488,none
513,L,R,0.285,-0.07031,-2.902,488,none
513,L,S,-0.279,-0.1974,-2.775,488,none
513,L,T,-0.0005922,-0.6202,-1.336,488,none
513,L,V,-0.2615,-0.4598,-1.164,488,none
513,L,W,0.4367,0.1525,1.232,488,none
513,L,Y,-0.0279,-0.1145,0.0876,488,none
514,H,A,-0.07621,0.09936,0.6079,489,none
514,H,C,,,-2.998,489,none
514,H,D,-0.01513,0.1255,0.4198,489,none
514,H,E,0.5452,0.03988,1.341,489,none
514,H,F,-0.01369,-0.03227,0.7712,489,none
514,H,G,-0.01744,-0.2274,-0.9095,489,none
514,H,H,0,0,0,489,none
514,H,I,0.1215,0.02981,0.3462,489,none
514,H,K,0.3054,,0.1099,489,none
514,H,L,-0.03434,0.2849,0.5399,489,none
514,H,M,0.07041,0.2171,1.151,489,none
514,H,N,-0.1848,0.1364,0.3586,489,none
514,H,P,,,-3.426,489,none
514,H,Q,-0.1099,0.1491,0.356,489,none
514,H,R,-0.06304,-0.3497,-0.764,489,none
514,H,S,,0.2716,-0.2962,489,none
514,H,T,0.01614,0.09314,-0.247,489,none
514,H,V,-0.004293,-0.4925,-0.06817,489,none
514,H,W,-0.04402,,-0.6718,489,none
514,H,Y,-0.1168,0.02848,0.441,489,none
515,H,C,-0.3888,-0.5196,-2.917,490,none
515,H,D,-0.08935,-0.01741,-0.9929,490,none
515,H,E,0.1289,0.397,0.7789,490,none
515,H,F,-0.5715,-0.24,-0.2044,490,none
515,H,H,0,0,0,490,none
515,H,I,0.05973,0.2831,0.3463,490,none
515,H,K,0.1817,-0.3409,-0.3994,490,none
515,H,L,-0.09313,0.1815,1.385,490,none
515,H,M,-0.04201,-0.03844,1.115,490,none
515,H,N,0.05617,-0.04783,-0.7772,490,none
515,H,P,,,-3.43,490,none
515,H,Q,0.1528,0.1443,0.8821,490,none
515,H,R,0.05029,0.2367,-0.07409,490,none
515,H,S,-0.05469,-0.6742,-0.2342,490,none
515,H,T,0.01087,0.06194,-0.2537,490,none
515,H,W,-5.149e-05,-0.1738,-0.0141,490,none
515,H,Y,-0.04369,0.1472,0.9423,490,none
516,V,A,-0.07887,-0.9857,-3.252,491,none
516,V,C,-0.04252,-0.9393,-2.894,491,none
516,V,D,-0.1399,-0.915,-3.366,491,none
516,V,E,0.4931,-0.5399,-3.49,491,none
516,V,F,-0.3609,-0.3387,-0.2985,491,none
516,V,G,0.2763,,-3.426,491,none
516,V,H,-0.2825,,-3.432,491,none
516,V,I,0.02433,0.1052,1.393,491,none
516,V,K,0.336,-0.8954,-3.123,491,none
516,V,L,-0.01746,-0.2131,-0.5866,491,none
516,V,M,0.2053,-0.2567,-0.00065,491,none
516,V,N,,,-3.438,491,none
516,V,P,0.3683,-0.1689,-3.502,491,none
516,V,Q,-0.01344,,-3.404,491,none
516,V,R,-0.1954,,-3.234,491,none
516,V,S,,,-3.237,491,none
516,V,T,-0.1113,,-3.272,491,none
516,V,V,0,0,0,491,none
516,V,W,-0.04444,-0.05442,-1.294,491,none
516,V,Y,-0.1838,-0.3415,-0.8184,491,none
517,N,A,0.1595,-0.2187,-0.4896,492,none
517,N,C,,,-3.187,492,none
517,N,D,0.2118,-0.2003,-0.5615,492,none
517,N,E,0.2617,0.1249,0.7014,492,none
517,N,F,0.0007651,-0.2047,-0.1092,492,none
517,N,G,0.0005095,,-3.055,492,none
517,N,I,0.03666,0.009103,0.4683,492,none
517,N,K,0.01834,-0.01057,-0.8813,492,none
517,N,L,-0.1701,0.06399,-0.1358,492,none
517,N,M,0.09443,0.2097,0.4314,492,none
517,N,N,0,0,0,492,none
517,N,P,0.2022,-0.3767,-3.479,492,none
517,N,Q,-0.004892,0.1622,0.7081,492,none
517,N,R,-0.1179,-0.03748,-0.5236,492,none
517,N,S,0.08336,-0.06108,-0.8279,492,none
517,N,T,-0.06163,-0.09546,-0.2075,492,none
517,N,V,0.07283,,0.2061,492,none
517,N,W,0.0002462,-0.4412,-0.6615,492,none
517,N,Y,-0.1775,0.1379,-0.2872,492,none
518,A,A,0,0,0,493,none
518,A,C,-0.8572,,-1.776,493,none
518,A,D,-0.04159,0.1896,-0.5242,493,none
518,A,E,0.01627,-0.109,0.3251,493,none
518,A,F,-0.3069,-0.4117,-2.338,493,none
518,A,G,-0.1254,-1.442,-1.895,493,none
518,A,H,-0.1733,-0.3684,-1.577,493,none
518,A,I,-0.05148,-0.05887,-0.2763,493,none
518,A,K,-0.02033,-0.09164,-0.308,493,none
518,A,L,0.726,-0.1189,-0.5048,493,none
518,A,M,,,-0.3224,493,none
518,A,N,0.2092,-0.3702,-0.2741,493,none
518,A,P,-0.1809,-0.7963,-3.377,493,none
518,A,Q,0.388,0.2128,0.7957,493,none
518,A,R,0.3026,-0.1055,-0.2435,493,none
518,A,S,-0.1916,0.09722,-0.6191,493,none
518,A,T,-0.1981,-0.05743,-0.8954,493,none
518,A,V,0.6126,-0.06732,-0.7865,493,none
518,A,W,0.01733,-0.1467,0.01967,493,none
518,A,Y,,-0.04265,-2.454,493,none
519,G,C,0.1462,-0.05749,-1.595,494,none
519,G,D,0.03039,0.1052,-0.5184,494,none
519,G,E,0.009001,,-0.9728,494,none
519,G,F,-0.07731,-0.01408,1.298,494,none
519,G,G,0,0,0,494,none
519,G,H,0.006299,-0.2145,0.1924,494,none
519,G,I,-0.1078,,0.5708,494,none
519,G,K,-0.07487,,-3.268,494,none
519,G,L,-0.04951,0.4046,1.268,494,none
519,G,M,0.07389,-0.01023,1.117,494,none
519,G,N,0.1344,0.08623,1.044,494,none
519,G,P,0.2733,,-3.461,494,none
519,G,Q,0.3911,-0.1484,0.322,494,none
519,G,S,0.07608,-0.02655,0.76,494,none
519,G,T,-0.05257,0.06316,0.1273,494,none
519,G,V,-0.001581,0.1278,0.9865,494,none
519,G,W,0.04705,0.134,1.457,494,none
519,G,Y,-0.2898,0.002367,1.145,494,none
520,K,A,-0.08773,0.0194,-0.4324,495,none
520,K,C,-0.3216,-0.782,-2.895,495,none
520,K,D,,-0.9988,-3.44,495,none
520,K,E,0.1124,-0.5452,-1.842,495,none
520,K,F,-0.09459,0.3602,1.381,495,none
520,K,G,0.008765,0.3785,-3.344,495,none
520,K,H,-0.03052,-0.1778,-1.537,495,none
520,K,I,0.06121,0.04525,0.3944,495,none
520,K,K,0,0,0,495,none
520,K,L,-0.06057,0.2432,1.25,495,none
520,K,M,-0.1678,0.001894,0.7581,495,none
520,K,N,-0.03082,-0.1156,-0.01499,495,none
520,K,P,-0.1437,,-3.269,495,none
520,K,Q,-0.1259,0.1224,0.9046,495,none
520,K,R,0.346,0.1207,-0.9679,495,none
520,K,S,0.4708,,-1.455,495,none
520,K,T,0.1645,-0.1964,-0.3693,495,none
520,K,V,-0.5042,,-0.4685,495,none
520,K,W,,-0.8425,-1.85,495,none
520,K,Y,0.1463,-0.4713,-1.739,495,none
521,S,A,0.3731,0.1884,-0.1035,496,none
521,S,C,0.03261,-0.7215,-2.827,496,none
521,S,D,-0.1471,-0.06573,-1.947,496,none
521,S,E,-0.06899,0.1889,0.1551,496,none
521,S,F,0.05984,0.1116,0.6351,496,none
521,S,G,0.1674,0.05817,-1.595,496,none
521,S,H,-0.1448,-0.005316,0.5658,496,none
521,S,I,0.09094,0.08824,0.6788,496,none
521,S,K,0.0123,0.09136,0.2137,496,none
521,S,L,0.06003,0.1532,0.3406,496,none
521,S,M,0.02329,0.2213,0.3404,496,none
521,S,N,0.08289,-0.04415,0.0404,496,none
521,S,P,-0.357,-0.6279,-3.185,496,none
521,S,Q,-0.0308,0.1761,0.0396,496,none
521,S,R,0.1924,0.068,0.8007,496,none
521,S,S,0,0,0,496,none
521,S,T,0.274,-0.2259,0.1497,496,none
521,S,V,0.01461,-0.0744,0.4571,496,none
521,S,W,-0.06722,0.2267,0.2232,496,none
521,S,Y,-0.003038,0.1342,0.6562,496,none
522,T,A,0.4149,-0.2716,-0.04188,497,none
522,T,C,-0.1444,-0.6072,-2.599,497,none
522,T,D,,,-2.851,497,none
522,T,E,0.1363,-0.04033,-0.2884,497,none
522,T,F,0.03172,-0.1156,0.1554,497,none
522,T,G,-0.2202,-1.201,-3.179,497,none
522,T,H,0.01934,-0.3631,-1.664,497,none
522,T,I,-0.02914,0.2597,0.2016,497,none
522,T,K,0.02919,0.08002,-0.9763,497,none
522,T,L,0.2068,-0.02101,0.1969,497,none
522,T,M,-0.05309,0.01266,0.4816,497,none
522,T,N,0.02452,-0.07318,-1.569,497,none
522,T,P,0.1365,-1.311,-3.323,497,none
522,T,Q,0.1016,0.1172,-0.4062,497,none
522,T,R,-0.007372,-0.1653,-0.7252,497,none
522,T,S,-0.1435,-1.051,-1.213,497,none
522,T,T,0,0,0,497,none
522,T,V,0.2629,0.2398,0.1935,497,none
522,T,W,-0.07127,0.06546,-0.08485,497,none
522,T,Y,-0.06316,0.06218,0.3591,497,none
523,T,A,0.04989,0.163,-0.02957,498,none
523,T,C,-0.395,,-2.15,498,none
523,T,D,-0.2282,-0.3661,-1.643,498,none
523,T,E,-0.06184,-0.183,-2.71,498,none
523,T,F,-0.1632,-0.35,-0.5422,498,none
523,T,H,-0.1312,-0.04904,-1.083,498,none
523,T,I,0.1078,0.1514,0.7248,498,none
523,T,K,-0.2032,,-3.115,498,none
523,T,L,0.3528,0.3,0.5613,498,none
523,T,M,-0.05405,0.2768,0.7986,498,none
523,T,N,-0.06396,-0.2215,-1.635,498,none
523,T,P,,,-3.133,498,none
523,T,Q,,0.1457,0.6058,498,none
523,T,R,-0.09203,-0.3173,-2.221,498,none
523,T,S,-0.2242,,-1.128,498,none
523,T,T,0,0,0,498,none
523,T,V,0.04975,-0.3698,-1.563,498,none
523,T,W,0.05737,-0.04871,-1.665,498,none
523,T,Y,0.1431,-0.7084,-0.5499,498,none
524,N,A,0.09887,0.2458,-0.2955,499,none
524,N,C,0.05168,-0.1566,-1.938,499,none
524,N,D,0.1328,-0.02964,-0.1804,499,none
524,N,E,-0.1518,-0.5122,-2.054,499,none
524,N,F,-0.1175,-0.01137,-0.4553,499,none
524,N,G,-0.05313,-0.6092,-2.255,499,none
524,N,H,,-0.1794,-0.4207,499,none
524,N,I,-0.2894,-0.02466,-0.0044,499,none
524,N,K,-0.01226,-0.08471,0.04064,499,none
524,N,L,-0.1379,0.03393,0.2288,499,none
524,N,M,-0.06058,,-0.7384,499,none
524,N,N,0,0,0,499,none
524,N,P,-0.09554,0.5732,-3.343,499,none
524,N,Q,0.07701,0.3532,0.1472,499,none
524,N,R,-0.06056,-0.07943,-0.8016,499,none
524,N,S,0.2555,-0.4587,-1.064,499,none
524,N,T,-0.1408,-0.4044,-0.4315,499,none
524,N,V,0.08163,0.0154,-1.101,499,none
524,N,W,-0.2551,-0.03678,0.02384,499,none
524,N,Y,-0.1132,-0.2591,-0.2358,499,none
525,I,A,,,-1.166,500,none
525,I,C,-0.06729,-0.1473,-3.063,500,none
525,I,D,,-0.9157,-3.463,500,none
525,I,E,0.06559,,-3.173,500,none
525,I,F,-0.1044,-0.2544,-1.277,500,none
525,I,G,-0.04623,-1.059,-3.42,500,none
525,I,H,0.1421,,-2.719,500,none
525,I,I,0,0,0,500,none
525,I,K,0.5259,0.008418,-0.9191,500,none
525,I,L,0.8792,0.07093,-1.563,500,none
525,I,M,,-0.1861,-1.995,500,none
525,I,N,-0.03195,-0.8644,-2.92,500,none
525,I,P,,,-3.378,500,none
525,I,R,,-0.5105,-1.237,500,none
525,I,S,0.101,-0.801,-2.677,500,none
525,I,T,0.008338,-0.4497,-2.051,500,none
525,I,V,,,-0.6871,500,none
525,I,Y,0.2294,-0.1483,-1.055,500,none
526,M,A,-0.07694,,-0.9089,501,none
526,M,C,0.3515,0.05709,-1.652,501,none
526,M,D,0.3051,,-3.404,501,none
526,M,E,-0.01323,,-3.489,501,none
526,M,F,-0.1716,-0.283,-0.5064,501,none
526,M,G,0.104,-0.3647,-3.319,501,none
526,M,H,,,-3.217,501,none
526,M,I,0.2891,0.1838,0.3432,501,none
526,M,K,0.05532,-0.548,-3.075,501,none
526,M,L,0.3405,0.2725,1.153,501,none
526,M,M,0,0,0,501,none
526,M,N,,,-3.452,501,none
526,M,P,,,-3.21,501,none
526,M,Q,-0.2037,-0.502,-3.041,501,none
526,M,R,-0.06197,,-3.386,501,none
526,M,S,-0.1369,-1.845,-3.423,501,none
526,M,T,0.01747,-0.863,-2.854,501,none
526,M,V,0.04139,0.1741,0.5333,501,none
526,M,W,-0.3845,-0.8594,-1.974,501,none
526,M,Y,0.008842,-0.4157,-1.286,501,none
527,I,A,0.36,-0.1512,-2.579,502,none
527,I,C,0.04121,0.1593,-1.431,502,none
527,I,D,-0.3879,-0.9598,-3.373,502,none
527,I,E,-0.1045,,-3.373,502,none
527,I,F,-0.01745,0.3147,0.5912,502,none
527,I,G,,,-2.317,502,none
527,I,H,,,-2.7,502,none
527,I,I,0,0,0,502,none
527,I,L,0.09705,0.1541,0.4226,502,none
527,I,M,-0.08438,0.03257,-0.2287,502,none
527,I,P,0.1411,-0.4284,-3.468,502,none
527,I,Q,0.03989,-0.2583,-2.042,502,none
527,I,R,-0.04093,-0.6753,-2.692,502,none
527,I,S,-0.1936,-0.9406,-3.46,502,none
527,I,T,-0.3235,,-2.914,502,none
527,I,V,-0.2428,,-0.8352,502,none
527,I,W,-0.05958,-0.1658,-1.018,502,none
527,I,Y,-0.3904,-0.7006,-2.25,502,none
528,T,A,-0.1238,-0.6611,-0.2634,503,none
528,T,C,-0.01257,,-0.6484,503,none
528,T,D,0.2893,,-3.173,503,none
528,T,E,-0.03815,-0.008475,-3.135,503,none
528,T,F,-0.008887,0.2128,0.06899,503,none
528,T,G,-0.2161,-0.1795,-0.8825,503,none
528,T,H,-0.1379,-0.339,-2.249,503,none
528,T,I,0.1933,0.01804,0.428,503,none
528,T,K,-0.137,,-2.218,503,none
528,T,L,-0.1107,0.2625,0.752,503,none
528,T,M,,,-0.1956,503,none
528,T,N,-0.0003457,0.03897,-1.471,503,none
528,T,P,,,-3.354,503,none
528,T,Q,,,-2.7,503,none
528,T,R,-0.1726,,-2.84,503,none
528,T,S,-0.07668,-0.6275,-0.3146,503,none
528,T,T,0,0,0,503,none
528,T,V,0.1312,0.2188,1.129,503,none
528,T,W,-0.02883,,,503,none
528,T,Y,0.1238,0.2275,0.06209,503,none
529,T,A,-0.3875,-0.07355,0.1712,504,none
529,T,C,-0.1815,,,504,none
529,T,E,,,-3.434,504,none
529,T,I,-0.4212,-0.004714,-0.05175,504,none
529,T,K,0.3731,-0.007578,-3.399,504,none
529,T,L,-0.1017,0.1546,-0.1732,504,none
529,T,M,,,0.4703,504,none
529,T,P,1.188,0.4923,-3.442,504,none
529,T,R,,,-1.563,504,none
529,T,T,0,0,0,504,none
529,T,V,,0.1629,0.8324,504,none
529,T,Y,-0.03111,-0.3609,-2.861,504,none
